rows=4795
cols=4795
(0, 2324, -222)
(0, 1580, -752)
(0, 1799, -1011)
(0, 1565, -943)
(0, 2277, -904)
(0, 3303, -582)
(0, 2117, -275)
(0, 1135, 622)
(0, 4386, 1)
(0, 663, -645)
(0, 2208, -932)
(0, 2101, -481)
(0, 115, -273)
(0, 844, 305)
(0, 536, 721)
(0, 4602, -888)
(0, 2339, 29)
(0, 657, -644)
(0, 551, -948)
(0, 2683, 102)
(0, 715, -853)
(0, 1214, 34)
(0, 1499, -690)
(0, 338, 222)
(0, 4716, -538)
(0, 2322, 26)
(0, 1567, 780)
(0, 1919, -763)
(0, 3358, 398)
(0, 2348, 771)
(0, 2191, -413)
(0, 4580, -46)
(0, 4142, -847)
(0, 176, -553)
(1, 335, -584)
(1, 988, -989)
(1, 3984, 105)
(1, 1847, -293)
(1, 3789, 5)
(1, 31, -1018)
(1, 1470, 246)
(1, 2045, -1022)
(1, 3504, -656)
(1, 841, -193)
(1, 108, 544)
(1, 2144, -647)
(1, 697, -446)
(1, 2045, 70)
(1, 665, -85)
(1, 2339, -809)
(1, 794, 597)
(1, 810, -949)
(1, 2915, -531)
(1, 1802, 128)
(1, 1181, 234)
(1, 3222, -926)
(1, 2464, 760)
(1, 2241, -556)
(1, 1793, -781)
(1, 1181, -601)
(1, 919, -59)
(1, 1622, -457)
(1, 453, 962)
(1, 1626, 423)
(1, 723, -100)
(1, 2118, -787)
(1, 4040, -885)
(2, 2712, -873)
(2, 846, 971)
(2, 369, -824)
(2, 3373, -54)
(2, 1585, 774)
(2, 4521, -557)
(2, 450, -937)
(2, 2287, -926)
(2, 1343, -918)
(2, 1078, -742)
(2, 4437, -691)
(2, 765, 544)
(2, 956, -934)
(2, 1935, -546)
(2, 734, -956)
(2, 499, -862)
(2, 1725, -373)
(2, 1999, -1023)
(2, 2332, -811)
(2, 473, 480)
(2, 1564, -535)
(2, 1482, 196)
(2, 325, -738)
(2, 611, -810)
(2, 1234, -739)
(2, 2404, -675)
(2, 1373, -592)
(2, 2451, -74)
(2, 1530, -968)
(2, 1914, 768)
(2, 1974, -544)
(2, 515, -607)
(2, 1460, 391)
(2, 1378, -582)
(2, 3465, -938)
(2, 757, -884)
(2, 1661, 581)
(2, 549, -797)
(2, 1591, -765)
(2, 605, 308)
(2, 1880, 970)
(2, 3072, -767)
(2, 950, -531)
(2, 1383, -928)
(2, 2161, -955)
(2, 4284, -722)
(2, 2105, -855)
(2, 3825, -962)
(2, 2224, -912)
(2, 701, -135)
(2, 2233, -606)
(2, 3353, -607)
(2, 3463, 323)
(2, 658, 943)
(2, 2673, -809)
(2, 3166, 952)
(2, 1503, 478)
(2, 1025, -585)
(2, 1899, 296)
(2, 1737, 743)
(2, 1938, 491)
(2, 78, 266)
(3, 1825, -984)
(3, 4720, -944)
(3, 90, -923)
(3, 1961, -596)
(3, 363, 1020)
(3, 1825, -418)
(3, 825, -879)
(3, 1634, -810)
(3, 1501, -990)
(3, 401, -832)
(3, 1340, -713)
(3, 2083, 704)
(3, 4064, -671)
(3, 2178, 1008)
(3, 4513, 693)
(3, 1727, 579)
(3, 2085, -811)
(3, 1109, 28)
(3, 292, 673)
(3, 1677, -924)
(3, 4484, -613)
(3, 1805, 930)
(3, 2275, 340)
(3, 1091, -898)
(3, 1618, -672)
(3, 1805, -672)
(3, 675, -576)
(3, 987, -634)
(3, 2199, -929)
(3, 5, -941)
(3, 4285, -990)
(3, 540, -981)
(3, 2086, 575)
(3, 1289, -530)
(3, 4297, -675)
(3, 1275, -833)
(3, 1718, -423)
(3, 4582, -971)
(3, 793, -923)
(3, 4602, -1002)
(3, 2040, -218)
(3, 2228, 137)
(3, 2226, -957)
(3, 827, -837)
(3, 1829, -386)
(3, 1824, 893)
(3, 2731, 79)
(3, 1837, -257)
(3, 1632, 369)
(3, 3947, -839)
(3, 1671, -815)
(3, 123, -776)
(3, 1068, -569)
(3, 4230, 345)
(3, 2075, -971)
(3, 1362, -596)
(3, 3099, -998)
(3, 2115, -699)
(3, 606, -537)
(3, 1702, 260)
(3, 1346, -546)
(3, 57, -518)
(3, 489, 150)
(3, 4589, -812)
(3, 1457, -1001)
(3, 627, -715)
(3, 387, 697)
(3, 285, 650)
(3, 2036, -322)
(3, 2173, 648)
(3, 4295, -1002)
(3, 1323, -980)
(3, 2847, -580)
(4, 2347, -41)
(4, 579, -260)
(4, 2621, -208)
(4, 2136, -813)
(4, 2384, -457)
(4, 2104, 170)
(4, 752, -690)
(4, 159, -782)
(4, 699, -308)
(4, 616, -629)
(4, 778, -976)
(4, 4131, -516)
(4, 25, -645)
(4, 4475, -684)
(4, 467, -793)
(4, 3836, -841)
(4, 1137, -942)
(4, 4110, -642)
(4, 1151, 792)
(4, 3328, 542)
(4, 1966, -21)
(4, 1286, -983)
(4, 14, -840)
(4, 4682, -665)
(4, 22, 990)
(4, 1132, 529)
(4, 1324, 602)
(4, 495, -575)
(4, 1229, -813)
(4, 403, -715)
(4, 2034, -724)
(4, 2099, -673)
(4, 296, 709)
(4, 1468, -597)
(4, 2083, -699)
(4, 4156, -772)
(4, 4105, -391)
(4, 2529, 129)
(4, 212, -573)
(4, 4375, 868)
(4, 3244, -183)
(4, 785, -245)
(4, 2282, -979)
(4, 8, 847)
(4, 964, -622)
(4, 651, -879)
(4, 3345, 1013)
(4, 3978, 398)
(4, 1233, -723)
(4, 1937, -863)
(4, 89, -911)
(4, 689, -955)
(4, 4228, 863)
(4, 58, -982)
(4, 1924, -895)
(4, 3087, -861)
(4, 96, 378)
(4, 825, 34)
(4, 3749, -874)
(4, 3890, -954)
(4, 1000, 527)
(4, 4196, 268)
(4, 709, -604)
(4, 3357, 712)
(4, 306, 730)
(4, 2980, 73)
(4, 1174, -826)
(4, 857, -870)
(4, 1420, 491)
(4, 4283, -981)
(4, 818, -762)
(4, 2054, 155)
(4, 1177, -579)
(4, 648, -445)
(5, 3623, 92)
(5, 4576, -919)
(5, 3356, 126)
(5, 1886, -674)
(5, 546, 841)
(5, 4747, -723)
(5, 343, 428)
(5, 4343, -498)
(5, 4706, -912)
(5, 325, 489)
(5, 1885, -179)
(5, 25, -555)
(5, 128, -453)
(5, 1348, -887)
(5, 4272, 500)
(5, 1438, -776)
(5, 3870, -659)
(5, 2191, -791)
(5, 1701, -772)
(5, 276, -801)
(5, 1331, -352)
(5, 2010, -674)
(5, 1941, -870)
(5, 329, -912)
(5, 3689, -954)
(5, 244, -982)
(6, 193, -173)
(6, 2128, -794)
(6, 613, -336)
(6, 2328, -303)
(6, 2178, -922)
(6, 1862, -582)
(6, 261, -406)
(6, 672, -933)
(6, 1361, 513)
(6, 1872, -950)
(6, 969, -535)
(6, 3751, -512)
(6, 903, 651)
(6, 2494, -756)
(6, 1459, -113)
(6, 329, 792)
(6, 3980, 567)
(6, 1885, -661)
(6, 3476, -989)
(6, 288, -514)
(6, 1285, -751)
(6, 1446, 900)
(6, 2834, -248)
(6, 886, -651)
(6, 3634, -109)
(6, 1366, -970)
(6, 515, -821)
(6, 1414, -803)
(6, 1962, -710)
(6, 2529, -775)
(6, 736, -856)
(6, 2191, -976)
(6, 2096, -749)
(6, 4264, -543)
(6, 4274, 707)
(6, 3212, -742)
(6, 1500, -767)
(6, 3540, -914)
(6, 2122, -527)
(6, 1688, -707)
(6, 2147, -584)
(6, 1506, 976)
(6, 304, -989)
(6, 1751, -694)
(6, 4126, -518)
(6, 621, 550)
(6, 2223, -564)
(6, 960, -995)
(6, 1583, -744)
(6, 1898, -777)
(6, 2072, -763)
(6, 1704, -893)
(6, 781, -617)
(6, 463, -1022)
(6, 855, -695)
(6, 2053, -520)
(6, 2263, -1001)
(6, 876, 754)
(6, 1679, 367)
(6, 2156, 148)
(6, 4236, -786)
(6, 1306, -874)
(6, 571, -752)
(6, 628, 282)
(6, 2315, -949)
(6, 955, 18)
(6, 1837, -1001)
(6, 3266, 553)
(6, 2762, 574)
(6, 3667, -906)
(6, 1771, -625)
(6, 2, -78)
(6, 1231, -354)
(6, 3648, -526)
(6, 168, -84)
(6, 3142, 878)
(6, 1606, -656)
(6, 351, 204)
(6, 81, -1022)
(6, 4003, -817)
(6, 2394, -415)
(6, 1000, -679)
(6, 13, -672)
(6, 4285, 657)
(6, 1962, -857)
(6, 2763, 20)
(6, 2278, 384)
(6, 1624, -637)
(6, 178, 630)
(6, 163, -647)
(6, 2341, -1010)
(6, 2870, -543)
(6, 1859, -948)
(7, 2306, -956)
(7, 3966, 825)
(7, 616, -37)
(7, 376, -476)
(7, 673, -791)
(7, 1647, -975)
(7, 1323, 546)
(7, 156, -727)
(7, 1265, -571)
(7, 392, 174)
(7, 188, -796)
(7, 169, -318)
(7, 2239, -903)
(7, 1132, 1006)
(7, 1375, -605)
(7, 4107, 651)
(7, 2341, -666)
(7, 2769, -569)
(7, 1715, 159)
(7, 472, -718)
(7, 1070, -964)
(7, 1310, -643)
(7, 1364, -992)
(7, 2769, -4)
(7, 2017, -50)
(7, 3883, -801)
(7, 3007, -627)
(7, 3262, -765)
(7, 2211, -850)
(7, 1932, -616)
(7, 4626, -628)
(7, 896, 404)
(7, 4670, -790)
(7, 844, 731)
(7, 742, -772)
(7, 2541, -612)
(7, 2028, -999)
(7, 3082, -653)
(7, 3130, -682)
(7, 664, -924)
(7, 1638, -625)
(7, 2615, -558)
(7, 1930, -656)
(7, 887, -962)
(7, 4262, -999)
(7, 4307, -879)
(7, 2356, -524)
(7, 694, -959)
(7, 2715, -1023)
(7, 4540, -947)
(7, 4242, -571)
(7, 1620, -355)
(7, 1484, -893)
(7, 935, 71)
(7, 554, -117)
(7, 1839, 277)
(7, 1437, -746)
(7, 521, -540)
(7, 532, -525)
(7, 45, -899)
(7, 1612, -917)
(7, 126, -28)
(7, 3868, -554)
(7, 3786, -950)
(7, 4, -632)
(7, 475, -948)
(7, 35, -830)
(7, 3952, -969)
(7, 879, -727)
(7, 1486, -554)
(7, 1515, -621)
(7, 1687, -266)
(7, 1246, -614)
(7, 3957, -679)
(7, 2134, 640)
(7, 3633, -930)
(7, 3826, -901)
(7, 1392, -697)
(7, 660, 460)
(7, 3610, 878)
(7, 3821, -533)
(7, 3422, 384)
(7, 3718, 261)
(7, 2523, -808)
(7, 1243, -425)
(7, 1054, 655)
(7, 4154, 118)
(7, 3840, 837)
(7, 511, -1010)
(7, 155, -713)
(7, 783, -526)
(7, 1126, -516)
(7, 2617, -1017)
(7, 197, -59)
(7, 1018, -799)
(7, 586, 72)
(7, 1676, -823)
(8, 3930, 43)
(8, 659, 67)
(8, 2121, -966)
(8, 4001, -605)
(8, 913, -990)
(8, 2600, -796)
(8, 858, -817)
(8, 3754, -735)
(8, 711, -629)
(8, 7, -649)
(8, 1855, -618)
(8, 3700, -735)
(8, 958, -908)
(8, 1651, -496)
(8, 1905, -333)
(8, 652, -562)
(8, 1907, 624)
(8, 2254, -516)
(8, 164, -581)
(8, 3228, -699)
(8, 2364, 979)
(8, 242, -512)
(8, 1297, -813)
(8, 592, -766)
(8, 764, -905)
(8, 819, -919)
(8, 783, -930)
(8, 2155, 264)
(8, 3694, -661)
(8, 3032, 499)
(8, 3177, -754)
(8, 612, -939)
(8, 4672, -714)
(8, 1071, -722)
(8, 1432, -882)
(8, 1949, -387)
(8, 151, 588)
(8, 1059, -634)
(8, 69, -476)
(8, 1159, -981)
(8, 4269, 42)
(8, 135, 953)
(8, 4441, -936)
(8, 3281, -43)
(8, 486, -795)
(8, 2332, -849)
(8, 401, -532)
(8, 1510, -587)
(8, 1550, 164)
(8, 2569, -634)
(8, 3866, 253)
(8, 860, 571)
(8, 2065, 685)
(8, 4757, 152)
(8, 2108, -932)
(8, 535, -994)
(8, 3649, -764)
(8, 3253, -1019)
(9, 4054, -580)
(9, 492, 904)
(9, 1894, -726)
(9, 1882, -608)
(9, 3062, 485)
(9, 1136, -773)
(9, 1374, -691)
(9, 4061, 430)
(9, 462, -931)
(9, 1665, -995)
(9, 2170, -555)
(9, 1012, 94)
(9, 1045, -762)
(9, 809, -961)
(9, 2167, -565)
(9, 926, 347)
(9, 766, -587)
(9, 3855, -486)
(9, 2303, -692)
(9, 2261, -41)
(9, 4207, -791)
(9, 668, 193)
(9, 1601, -504)
(9, 923, -826)
(9, 3703, -769)
(9, 494, 999)
(9, 192, -30)
(9, 2245, -709)
(9, 151, -516)
(9, 1226, -868)
(9, 1565, -861)
(9, 1926, -380)
(9, 3315, -110)
(9, 1826, 238)
(9, 3455, -146)
(9, 158, -864)
(9, 140, -589)
(9, 1672, -829)
(9, 1964, 845)
(9, 4480, -619)
(9, 3653, -683)
(9, 3073, -677)
(9, 4263, -242)
(9, 930, -572)
(9, 4744, -600)
(9, 1213, -681)
(9, 3998, -689)
(10, 633, 437)
(10, 58, -1001)
(10, 146, -922)
(10, 2626, -573)
(10, 2035, -776)
(10, 3058, -210)
(10, 1040, -998)
(10, 2992, -593)
(10, 2104, -827)
(10, 1826, -709)
(10, 726, -613)
(10, 379, 415)
(10, 1229, -687)
(10, 685, -449)
(10, 1189, 648)
(10, 1165, -784)
(10, 2037, -860)
(10, 4102, -360)
(10, 3473, -1006)
(10, 550, -929)
(10, 280, -744)
(10, 2062, -740)
(10, 1481, -656)
(10, 4450, -538)
(10, 1506, -725)
(10, 1105, 990)
(10, 4096, -792)
(10, 3401, -723)
(10, 1943, -597)
(10, 104, -530)
(11, 1345, -707)
(11, 1223, -789)
(11, 4424, -800)
(11, 1138, -897)
(11, 1149, -726)
(11, 139, 872)
(11, 479, -573)
(11, 419, -521)
(11, 1143, -579)
(11, 654, 295)
(11, 3379, -485)
(11, 1997, 354)
(11, 908, -435)
(11, 1346, -801)
(11, 1293, -575)
(11, 3980, -280)
(11, 586, -174)
(11, 875, -881)
(11, 2098, -819)
(11, 195, -903)
(11, 4657, -785)
(11, 4716, -781)
(11, 621, 575)
(11, 3156, -385)
(11, 3718, -553)
(11, 1355, -9)
(11, 1073, -821)
(11, 890, 537)
(11, 1459, -974)
(11, 457, -858)
(11, 1765, -587)
(11, 1324, -889)
(11, 456, -664)
(11, 4175, -780)
(11, 4377, -868)
(11, 1018, -19)
(11, 208, -293)
(11, 643, -343)
(11, 3198, -669)
(11, 1968, -938)
(11, 3396, -818)
(11, 1688, -736)
(11, 116, -933)
(11, 519, 351)
(11, 440, -611)
(11, 819, -924)
(11, 1103, -587)
(11, 858, 167)
(11, 102, 520)
(11, 36, 217)
(11, 740, 124)
(11, 2207, -551)
(11, 832, -861)
(11, 2169, 256)
(11, 9, -450)
(11, 1988, -653)
(11, 752, -975)
(11, 1783, -703)
(11, 2164, -940)
(11, 1522, -711)
(11, 3055, 571)
(11, 1367, -937)
(11, 564, -995)
(11, 3774, -917)
(11, 1457, -953)
(11, 1182, 552)
(11, 651, -554)
(11, 1559, -584)
(11, 158, -625)
(11, 847, -972)
(11, 2051, -663)
(11, 313, -718)
(11, 2329, -109)
(11, 612, 556)
(11, 1658, 418)
(11, 1023, -927)
(11, 516, -544)
(11, 159, -556)
(11, 2073, 800)
(11, 1019, -625)
(11, 844, -522)
(11, 1533, -278)
(11, 3932, -923)
(11, 335, -892)
(11, 34, -988)
(11, 1427, 1007)
(11, 2842, -578)
(11, 616, -2)
(11, 3661, -552)
(11, 311, -955)
(11, 1114, -990)
(11, 2686, -819)
(11, 1040, -148)
(11, 4247, -846)
(11, 2141, -631)
(11, 716, -620)
(11, 26, -889)
(11, 3635, -631)
(11, 2022, 336)
(11, 2309, -679)
(11, 1935, -833)
(11, 290, -995)
(11, 1821, -611)
(11, 685, -357)
(11, 4746, -927)
(11, 201, -985)
(11, 678, -928)
(11, 1149, 821)
(11, 221, -941)
(11, 1523, -934)
(11, 2270, -991)
(11, 70, -531)
(11, 2438, -789)
(11, 3808, -718)
(11, 3966, -601)
(11, 1417, 295)
(11, 1639, 135)
(11, 265, -861)
(11, 820, 905)
(11, 467, -574)
(11, 1033, 830)
(11, 763, -556)
(11, 1371, -817)
(11, 3235, -785)
(11, 1055, -65)
(11, 4565, -606)
(11, 871, -188)
(11, 669, -905)
(11, 414, -722)
(11, 2050, 538)
(11, 602, -789)
(11, 1878, 526)
(11, 3972, -892)
(11, 1469, 205)
(11, 1065, -601)
(11, 4387, 340)
(11, 1846, -909)
(11, 1652, -321)
(11, 1349, -606)
(11, 1399, -689)
(11, 1624, 112)
(11, 4108, -651)
(11, 438, -774)
(11, 775, -604)
(11, 2903, -822)
(11, 263, -167)
(11, 802, -642)
(11, 3918, -612)
(11, 1399, -843)
(11, 3206, -89)
(11, 655, -479)
(11, 4187, -983)
(11, 4311, -633)
(11, 1710, -878)
(11, 1307, -347)
(11, 689, 22)
(12, 2101, -935)
(12, 1955, 892)
(12, 3786, -596)
(12, 4152, 209)
(12, 1913, -708)
(14, 2373, 42)
(14, 1935, -792)
(14, 1243, -869)
(14, 875, -1016)
(14, 1107, 139)
(14, 194, -640)
(14, 922, -537)
(14, 2356, -644)
(14, 1081, -954)
(14, 521, -614)
(14, 423, 559)
(14, 57, 815)
(14, 790, 942)
(14, 911, -765)
(14, 1338, 1020)
(14, 1924, -829)
(14, 2061, -828)
(14, 1380, -848)
(14, 1558, -850)
(14, 225, -512)
(14, 426, -986)
(14, 1379, -725)
(14, 1642, -997)
(14, 1646, -651)
(14, 1872, -533)
(14, 2140, -568)
(14, 2150, -149)
(14, 2225, -1004)
(14, 1990, 37)
(14, 2336, 666)
(14, 1386, -972)
(14, 1090, 799)
(14, 70, 547)
(14, 119, -614)
(14, 852, -555)
(14, 1578, -813)
(14, 961, -993)
(14, 1752, -652)
(14, 181, 69)
(14, 2123, -383)
(14, 4530, 374)
(14, 4189, -1017)
(14, 1744, -941)
(14, 36, -1006)
(14, 2003, -546)
(14, 67, -579)
(14, 2407, -702)
(14, 4541, 50)
(14, 1876, -733)
(14, 838, -349)
(14, 2202, 846)
(14, 861, -885)
(14, 295, -605)
(14, 4326, -185)
(14, 2284, -780)
(14, 2306, -518)
(14, 2197, -610)
(14, 1521, -738)
(14, 948, -801)
(14, 236, -154)
(14, 573, -760)
(14, 1633, -715)
(14, 2139, -63)
(14, 1445, 761)
(14, 316, -931)
(14, 1784, 954)
(14, 733, -821)
(14, 426, -662)
(14, 184, 842)
(14, 1516, 934)
(14, 435, -11)
(14, 980, -730)
(14, 1605, -968)
(14, 962, -561)
(14, 2931, -908)
(14, 2282, 293)
(14, 2135, -193)
(14, 2081, 262)
(14, 1495, -789)
(14, 1247, 563)
(14, 1935, -624)
(14, 2474, 725)
(14, 897, -707)
(14, 532, 685)
(14, 2127, -880)
(14, 661, 66)
(14, 365, 676)
(14, 430, -541)
(14, 388, -544)
(14, 3982, -746)
(14, 1047, -470)
(14, 360, -1001)
(14, 2044, -240)
(14, 2359, -682)
(14, 47, -564)
(14, 4357, -427)
(14, 370, -939)
(14, 1305, 214)
(14, 1394, -635)
(14, 721, 895)
(14, 3514, -906)
(14, 1174, -523)
(14, 3425, 525)
(14, 1380, -551)
(14, 276, 92)
(14, 2079, 33)
(14, 2863, -936)
(14, 35, -807)
(14, 154, -579)
(14, 1744, -932)
(14, 1150, -644)
(14, 1426, -580)
(14, 1214, 733)
(14, 346, 588)
(14, 1412, -566)
(14, 2177, -650)
(14, 2037, -532)
(15, 1399, 277)
(15, 2163, 616)
(15, 3043, -881)
(15, 376, -581)
(15, 752, -975)
(15, 48, 398)
(15, 1885, -782)
(15, 109, -963)
(15, 1559, -750)
(15, 120, -900)
(15, 1003, -981)
(15, 1308, -524)
(15, 517, -867)
(15, 2285, -917)
(15, 2189, 563)
(15, 1073, -766)
(15, 3299, -722)
(15, 1692, -809)
(15, 267, -912)
(15, 274, 245)
(15, 2074, -536)
(15, 4689, 370)
(15, 734, -587)
(15, 892, -901)
(15, 1879, -583)
(15, 1947, -227)
(15, 2683, -605)
(15, 3374, 450)
(15, 146, -164)
(15, 1460, 284)
(15, 3038, -954)
(15, 1052, -746)
(15, 1213, -537)
(15, 79, 807)
(15, 2335, -569)
(15, 1363, -398)
(15, 3875, -927)
(15, 961, 545)
(15, 2129, -921)
(15, 2337, -757)
(15, 1831, 419)
(15, 1073, -595)
(15, 920, -548)
(15, 190, 95)
(15, 1760, -671)
(15, 4780, -393)
(15, 56, -61)
(15, 2469, -581)
(15, 291, -738)
(15, 4645, -578)
(15, 243, 852)
(15, 3661, -128)
(15, 1770, 724)
(15, 3800, -860)
(15, 1991, -117)
(15, 1711, 877)
(15, 2527, 370)
(15, 4286, 450)
(15, 693, -940)
(15, 4335, -774)
(15, 2749, 104)
(15, 1819, 95)
(15, 3378, 879)
(15, 698, -174)
(15, 723, 186)
(15, 631, 116)
(16, 130, 342)
(16, 2119, -250)
(16, 281, -523)
(16, 4530, -647)
(16, 1083, -29)
(16, 353, -469)
(16, 2145, -878)
(16, 541, 749)
(16, 1530, -564)
(16, 808, -731)
(16, 1015, -941)
(16, 1642, -620)
(16, 1199, 995)
(16, 1364, -185)
(16, 1270, 103)
(16, 3598, -953)
(16, 2035, -977)
(16, 4514, -816)
(16, 1639, -851)
(16, 2112, -575)
(16, 3070, -552)
(16, 3448, 640)
(16, 113, 659)
(16, 4199, -926)
(16, 1929, -644)
(16, 1476, -602)
(16, 801, 257)
(16, 1549, -796)
(16, 2745, -524)
(16, 1674, -458)
(16, 1874, -765)
(16, 358, -600)
(16, 4589, -783)
(16, 2333, -951)
(16, 2299, 377)
(16, 2337, 623)
(16, 17, -365)
(16, 496, -967)
(16, 478, 711)
(16, 686, -722)
(16, 459, -559)
(16, 3523, -627)
(16, 1724, -1003)
(16, 919, -715)
(16, 3167, 183)
(16, 1703, -249)
(16, 223, -762)
(16, 965, -1009)
(16, 289, -965)
(16, 617, -134)
(16, 746, -700)
(16, 2242, -876)
(16, 395, 24)
(16, 4016, -301)
(16, 233, -993)
(16, 4140, 397)
(16, 1207, -876)
(16, 98, 8)
(16, 284, -864)
(16, 4571, 122)
(16, 2060, -554)
(16, 2053, -240)
(16, 1635, 964)
(16, 3368, 724)
(16, 1714, -768)
(16, 45, -649)
(16, 3708, -711)
(16, 136, -253)
(16, 322, -663)
(16, 505, -907)
(16, 60, -995)
(16, 807, -831)
(16, 498, -941)
(16, 400, -761)
(16, 1539, -589)
(16, 1566, 480)
(16, 837, -552)
(16, 1092, -906)
(16, 363, -90)
(16, 570, 595)
(16, 2304, -603)
(16, 4384, 537)
(16, 985, -55)
(16, 173, -881)
(16, 3064, -670)
(16, 2580, -723)
(16, 2025, -745)
(16, 275, -116)
(16, 177, -798)
(16, 334, -722)
(16, 493, 425)
(16, 1775, -691)
(16, 2569, -910)
(16, 1523, 36)
(16, 141, 645)
(16, 2820, -790)
(16, 2124, -96)
(16, 1561, -642)
(16, 2074, 172)
(16, 286, -597)
(16, 2788, -787)
(16, 2223, 35)
(16, 4178, 362)
(16, 748, 185)
(16, 3626, -584)
(16, 1926, -700)
(16, 4758, 1005)
(16, 303, -776)
(16, 1272, -221)
(16, 3754, -645)
(16, 3360, 496)
(16, 2769, -408)
(16, 749, -846)
(16, 2043, -642)
(16, 3634, 398)
(16, 1905, -639)
(16, 1569, 866)
(16, 459, -862)
(16, 430, -957)
(16, 123, -1001)
(16, 1797, -678)
(16, 350, -970)
(16, 257, -93)
(16, 4223, -794)
(16, 3951, -803)
(16, 849, 385)
(16, 2133, -564)
(16, 907, 161)
(16, 930, -420)
(16, 611, -377)
(16, 94, 513)
(16, 1119, -380)
(16, 2911, -65)
(16, 1863, 327)
(16, 3465, -775)
(16, 811, -916)
(16, 1550, -552)
(16, 2086, -808)
(16, 3783, -1018)
(16, 365, -1003)
(16, 4504, 33)
(16, 1205, 820)
(17, 2746, -901)
(17, 3674, -575)
(17, 4386, -578)
(17, 1336, -999)
(17, 978, 504)
(17, 1268, -693)
(17, 4653, -650)
(17, 1590, 673)
(17, 3293, -554)
(17, 1210, 905)
(17, 2000, -799)
(17, 2159, 1022)
(17, 1029, -663)
(17, 4275, -214)
(17, 4793, -820)
(17, 2359, -930)
(17, 3975, -865)
(17, 2049, -621)
(17, 4168, -1020)
(17, 911, -714)
(17, 185, -590)
(17, 897, -823)
(17, 2404, -564)
(17, 1779, -218)
(17, 1406, 256)
(17, 3028, 607)
(17, 1221, 185)
(17, 256, -645)
(17, 2094, 900)
(17, 1796, 364)
(18, 1454, -859)
(18, 2217, -231)
(18, 2101, -646)
(18, 216, -717)
(18, 2298, -991)
(18, 4551, -671)
(18, 4598, 910)
(18, 3334, -723)
(18, 2397, -874)
(18, 4202, 243)
(18, 3745, -616)
(18, 1363, -830)
(18, 1638, -396)
(18, 576, -730)
(18, 1156, -559)
(18, 56, 40)
(18, 15, 156)
(18, 2588, -363)
(18, 189, -914)
(18, 2498, -516)
(18, 4491, -854)
(18, 1328, -509)
(18, 2216, -676)
(18, 2270, 700)
(18, 1931, 59)
(18, 1322, -818)
(18, 2614, -659)
(18, 2954, -648)
(18, 1781, -590)
(18, 885, -697)
(18, 1198, -1010)
(18, 1170, -529)
(18, 3325, 386)
(18, 3796, -930)
(18, 2654, 619)
(18, 2192, 470)
(18, 2827, -920)
(18, 1431, -546)
(18, 3846, -199)
(18, 732, -676)
(18, 451, 137)
(18, 2041, -96)
(18, 2367, -990)
(18, 1052, -587)
(18, 2343, -681)
(18, 4133, -513)
(18, 1077, 144)
(18, 2055, -809)
(18, 2133, -768)
(18, 187, 850)
(18, 1453, -700)
(18, 77, -526)
(18, 2898, -213)
(18, 1901, -672)
(18, 1385, 758)
(18, 636, -889)
(18, 1061, -830)
(18, 1485, -197)
(18, 50, 727)
(18, 1342, -585)
(18, 3384, 469)
(18, 1547, 968)
(18, 1826, 948)
(18, 3591, -834)
(18, 1940, -654)
(18, 3065, -789)
(18, 2531, -346)
(18, 1861, -756)
(18, 600, -989)
(18, 4550, -629)
(18, 62, -835)
(18, 4540, 556)
(18, 1975, 456)
(18, 525, -38)
(18, 1242, -853)
(18, 147, 436)
(18, 4743, -602)
(18, 1885, 911)
(18, 4167, -858)
(18, 1477, -935)
(18, 1121, -711)
(18, 2352, -743)
(18, 3829, -677)
(18, 1186, -929)
(18, 879, -834)
(18, 1145, -579)
(18, 1660, -763)
(18, 3220, -331)
(18, 286, 990)
(18, 3377, -179)
(18, 1620, -260)
(18, 2147, 374)
(18, 1989, -847)
(18, 2446, -808)
(18, 1474, 61)
(18, 545, -822)
(18, 3009, -110)
(18, 4058, -666)
(18, 127, -802)
(18, 801, 470)
(18, 2643, -959)
(18, 1528, 497)
(18, 1747, -828)
(18, 1303, 364)
(18, 70, -43)
(18, 2549, -813)
(18, 702, -551)
(18, 2119, -568)
(18, 2118, -159)
(18, 418, 264)
(18, 1938, 275)
(18, 3069, -805)
(18, 1219, 774)
(18, 653, 701)
(18, 2305, -300)
(18, 1350, -513)
(18, 561, -911)
(18, 1913, -696)
(18, 29, -692)
(18, 4722, 849)
(18, 473, 842)
(18, 165, -817)
(18, 4499, -981)
(18, 2112, -674)
(18, 1069, -644)
(18, 916, -1003)
(18, 219, -788)
(18, 1445, 330)
(18, 142, -452)
(18, 501, 804)
(18, 968, -971)
(18, 4, -695)
(18, 432, 531)
(18, 1955, -630)
(18, 4148, -649)
(18, 1299, 1005)
(18, 1638, -36)
(18, 3924, 156)
(18, 1247, -1006)
(18, 834, 1004)
(18, 3762, -929)
(18, 3002, -961)
(18, 397, -462)
(18, 2034, -906)
(18, 1346, -901)
(18, 2771, -708)
(18, 642, 978)
(18, 700, 91)
(18, 188, -675)
(18, 1579, -863)
(18, 3951, -463)
(18, 1685, -798)
(18, 894, -120)
(18, 578, -538)
(18, 1053, -83)
(18, 1981, 102)
(18, 1329, -683)
(18, 2404, -640)
(18, 2311, -523)
(18, 1216, -57)
(18, 2024, -788)
(18, 1997, 496)
(18, 2024, -964)
(18, 1565, -678)
(18, 4332, 191)
(18, 3351, -581)
(18, 787, -579)
(18, 566, 622)
(18, 4113, -556)
(18, 594, -4)
(18, 884, -660)
(18, 2314, -909)
(18, 4039, -228)
(18, 225, 272)
(18, 4351, -665)
(18, 4573, -844)
(18, 4766, -721)
(18, 261, -863)
(18, 1578, -342)
(18, 1710, -1010)
(18, 3753, 683)
(18, 1532, 290)
(18, 1580, -990)
(18, 1445, 476)
(18, 867, 128)
(18, 1117, -31)
(18, 1075, -865)
(18, 13, -636)
(18, 1891, 559)
(18, 1741, -90)
(18, 1308, -930)
(18, 1828, -734)
(18, 1923, -989)
(19, 417, -888)
(19, 4243, -141)
(19, 3546, -617)
(19, 1828, -264)
(19, 446, -622)
(19, 1491, -438)
(19, 2119, -1008)
(19, 668, -811)
(19, 919, -389)
(19, 1890, -909)
(19, 210, -712)
(19, 1441, 294)
(19, 2016, -553)
(19, 746, 800)
(19, 21, -612)
(19, 3093, 728)
(19, 1946, 455)
(19, 822, -673)
(19, 780, -672)
(19, 4567, -900)
(19, 248, -826)
(19, 162, 10)
(19, 3368, -954)
(19, 1287, -972)
(19, 1872, -624)
(19, 1324, -714)
(19, 1687, -223)
(19, 1477, 479)
(19, 758, -654)
(19, 1563, -640)
(19, 620, 229)
(19, 2970, -553)
(19, 1440, -647)
(19, 2389, -695)
(19, 848, -811)
(19, 509, -597)
(19, 1095, -940)
(19, 2865, -542)
(19, 1293, -111)
(19, 1504, -775)
(19, 724, 1020)
(19, 4781, 528)
(19, 3257, -958)
(19, 801, 298)
(19, 2649, 204)
(19, 2316, -683)
(19, 1380, -802)
(19, 784, -912)
(19, 741, 620)
(19, 2446, -51)
(19, 649, 510)
(19, 1813, 814)
(19, 1070, -1007)
(19, 3482, -51)
(19, 410, -730)
(19, 1045, -526)
(19, 2047, -429)
(19, 1737, -829)
(19, 4524, -825)
(19, 691, -867)
(19, 440, -558)
(19, 2350, -819)
(19, 2130, -807)
(19, 832, -623)
(19, 2341, -300)
(19, 429, -254)
(19, 530, 560)
(19, 2319, 511)
(19, 925, -943)
(19, 528, -859)
(19, 2656, -637)
(19, 4206, -988)
(19, 1387, -244)
(19, 456, 86)
(19, 4106, -81)
(19, 1153, -895)
(19, 3150, -795)
(19, 2093, -880)
(19, 628, -82)
(19, 2113, -717)
(19, 4583, -970)
(19, 1151, -531)
(19, 1235, 58)
(19, 70, -1012)
(19, 1764, 949)
(19, 3850, -848)
(19, 1091, -693)
(19, 1193, -755)
(19, 1796, 762)
(19, 3041, -278)
(19, 2330, -886)
(19, 2066, -960)
(19, 2157, -634)
(19, 4215, -495)
(19, 2079, -765)
(19, 1211, -593)
(19, 1077, 1001)
(19, 466, -751)
(19, 1130, 452)
(19, 3421, -742)
(19, 388, -719)
(19, 1849, -766)
(19, 4633, 362)
(19, 606, -796)
(19, 467, 180)
(19, 3119, -979)
(19, 1001, -923)
(19, 311, -673)
(19, 2920, 764)
(19, 1384, -848)
(19, 2322, 111)
(19, 866, 806)
(19, 3724, -965)
(19, 2314, -609)
(19, 1093, 426)
(19, 3741, -626)
(19, 1075, -781)
(19, 195, -529)
(19, 327, -668)
(19, 720, -126)
(19, 2324, -716)
(19, 868, -833)
(19, 3731, -790)
(19, 2296, 975)
(19, 1076, -884)
(19, 1174, -156)
(19, 144, 425)
(19, 1494, -971)
(19, 4003, -925)
(19, 748, -643)
(19, 932, -923)
(19, 445, -1010)
(19, 3806, -968)
(19, 4316, -962)
(19, 2828, -286)
(19, 73, -660)
(19, 678, -270)
(19, 2, 338)
(19, 927, 816)
(19, 3214, -146)
(19, 4285, -603)
(19, 1945, -815)
(19, 4773, -576)
(19, 2339, -43)
(19, 1803, 445)
(19, 157, -936)
(19, 633, 809)
(19, 377, -581)
(19, 2620, 875)
(19, 1295, -937)
(19, 4601, -718)
(19, 3183, -888)
(19, 4041, -968)
(19, 1970, -305)
(19, 1821, -432)
(19, 1047, -935)
(19, 4134, 502)
(19, 988, 785)
(19, 1870, -541)
(19, 1973, 576)
(19, 2629, -946)
(19, 1286, 395)
(19, 2082, -674)
(19, 590, -1012)
(19, 1224, 12)
(19, 3505, -380)
(19, 3924, -536)
(19, 365, -15)
(19, 981, -104)
(19, 3820, -783)
(19, 2356, 8)
(19, 130, -984)
(19, 2800, -892)
(19, 1620, -940)
(19, 494, -556)
(19, 2161, -930)
(19, 384, -555)
(19, 1519, -615)
(19, 512, -927)
(19, 3242, -880)
(19, 1502, 309)
(19, 489, -881)
(19, 4422, 515)
(19, 143, -869)
(19, 2245, 52)
(19, 2801, -653)
(19, 208, 477)
(19, 4789, -649)
(19, 199, -585)
(20, 1878, -637)
(20, 1896, -963)
(20, 591, 749)
(20, 1359, -613)
(20, 320, -352)
(20, 978, -679)
(20, 997, -866)
(20, 678, -529)
(20, 1309, -712)
(20, 894, -428)
(20, 1573, -680)
(20, 3696, 396)
(20, 3746, 245)
(20, 2121, 384)
(20, 699, -198)
(20, 3960, -1009)
(20, 1625, -993)
(20, 290, -534)
(20, 2139, -937)
(20, 2232, -659)
(20, 4281, -682)
(20, 1806, -907)
(20, 1764, -594)
(20, 4185, 45)
(20, 4630, -81)
(20, 1715, -542)
(20, 2078, -736)
(20, 1136, -570)
(20, 4408, -987)
(20, 4748, -716)
(20, 395, 172)
(20, 943, -675)
(21, 2140, -555)
(21, 2542, -67)
(21, 2391, -609)
(21, 2610, -767)
(21, 2009, -628)
(21, 1415, 707)
(21, 3840, -794)
(21, 191, -674)
(21, 483, -598)
(21, 627, 1014)
(21, 544, 756)
(21, 296, 264)
(21, 1248, -998)
(21, 1255, -897)
(21, 589, 1006)
(21, 1276, -864)
(21, 3678, 267)
(21, 1335, -779)
(21, 548, -998)
(21, 14, -732)
(21, 2588, -804)
(21, 3568, -970)
(21, 1848, 86)
(21, 1418, -778)
(21, 1673, -562)
(21, 2132, -975)
(21, 239, -808)
(21, 2067, -1013)
(21, 1879, -370)
(21, 907, -606)
(21, 1372, -642)
(22, 1562, -987)
(22, 654, 252)
(22, 1995, -739)
(22, 3860, -658)
(22, 1346, 732)
(22, 736, -268)
(22, 4793, 904)
(22, 762, 34)
(22, 726, -600)
(22, 1544, 893)
(22, 413, -765)
(22, 3829, 649)
(22, 1912, -959)
(22, 1192, -969)
(22, 2014, -245)
(22, 1786, -710)
(22, 2736, -882)
(22, 2533, 696)
(22, 651, -895)
(22, 4592, -714)
(22, 2179, 94)
(22, 957, -691)
(22, 1953, -1003)
(22, 2915, -760)
(22, 1528, -874)
(22, 2331, 746)
(22, 3828, -628)
(22, 1814, -567)
(22, 2094, -675)
(22, 1392, 791)
(23, 551, -875)
(23, 977, -799)
(23, 1866, -504)
(23, 4480, -641)
(23, 1517, -1009)
(23, 4400, 863)
(23, 2368, -184)
(23, 828, -515)
(23, 2155, -871)
(23, 1208, -659)
(23, 1855, -848)
(23, 2090, -542)
(24, 3108, -844)
(24, 1398, -393)
(24, 3639, 204)
(24, 779, -796)
(24, 1983, -604)
(24, 4767, -811)
(24, 4640, -549)
(24, 1001, 655)
(24, 1078, -785)
(24, 3603, -946)
(24, 3920, -927)
(24, 4002, 396)
(24, 4123, -879)
(24, 4399, -746)
(24, 1286, -200)
(24, 842, -521)
(24, 4212, 648)
(24, 759, -924)
(24, 276, -1004)
(24, 238, -194)
(24, 2682, -676)
(24, 911, -785)
(24, 4495, 107)
(24, 1580, 806)
(24, 1914, -988)
(24, 2396, 790)
(24, 2113, 481)
(24, 1729, -953)
(24, 728, -614)
(24, 1465, -583)
(24, 921, -723)
(24, 4229, -666)
(24, 1657, 547)
(24, 1050, -834)
(24, 1342, -958)
(24, 1619, -950)
(24, 1072, 976)
(24, 799, 651)
(24, 613, -73)
(24, 322, -277)
(24, 693, -742)
(24, 8, 63)
(24, 1227, 591)
(24, 1205, 956)
(24, 2182, -805)
(24, 1475, -597)
(24, 1533, -852)
(24, 2102, -1009)
(24, 4033, -307)
(24, 515, -41)
(24, 1550, -841)
(24, 4071, 372)
(24, 1082, 881)
(24, 1004, 473)
(24, 3583, -130)
(24, 1077, 24)
(24, 1440, 65)
(24, 739, -908)
(24, 528, 168)
(24, 1824, -976)
(24, 1373, -867)
(24, 1827, 901)
(24, 1526, 51)
(24, 1346, -849)
(24, 18, -626)
(24, 2184, -804)
(24, 1251, -654)
(24, 1282, -895)
(24, 1298, -821)
(24, 1510, 679)
(24, 1219, -866)
(24, 1956, -547)
(24, 459, 366)
(24, 888, -603)
(24, 2089, -435)
(24, 880, -489)
(24, 536, -802)
(24, 2303, -662)
(24, 1554, -786)
(24, 4726, 386)
(24, 3861, 876)
(24, 1170, -881)
(24, 740, -945)
(24, 3763, -555)
(24, 2029, -704)
(24, 682, -582)
(24, 746, -616)
(24, 1161, -552)
(24, 1566, 159)
(24, 272, 310)
(24, 1602, 506)
(24, 106, -833)
(24, 1391, 439)
(24, 1325, 695)
(24, 2099, 524)
(24, 1267, -904)
(24, 781, -676)
(24, 67, 776)
(24, 1678, -666)
(24, 1434, -976)
(24, 154, 458)
(24, 2899, -866)
(24, 3906, -652)
(24, 4209, -889)
(24, 2144, -935)
(24, 45, -757)
(24, 971, -937)
(24, 457, 982)
(24, 2015, -643)
(24, 374, -208)
(24, 1008, 337)
(24, 2039, 116)
(24, 1149, -961)
(24, 128, -894)
(24, 946, -590)
(24, 897, -1023)
(24, 2026, -688)
(24, 2028, 69)
(24, 2351, -438)
(24, 1308, -554)
(24, 115, -916)
(24, 674, -890)
(24, 4681, 939)
(24, 917, 773)
(24, 3473, 915)
(24, 993, 43)
(24, 1174, -645)
(24, 526, -940)
(24, 1854, -117)
(24, 907, 348)
(24, 2382, 29)
(24, 2336, -670)
(24, 4234, -622)
(24, 975, -875)
(24, 236, -866)
(24, 2012, 144)
(24, 1897, -960)
(24, 1337, -858)
(24, 1739, -690)
(24, 4252, -901)
(24, 971, -524)
(24, 2672, -380)
(24, 1315, -896)
(24, 1854, -35)
(24, 313, -889)
(24, 22, -294)
(24, 2007, 181)
(24, 804, -1002)
(24, 714, -858)
(24, 1188, 1015)
(24, 1577, 201)
(24, 1618, -891)
(24, 1947, 380)
(26, 1031, -14)
(26, 2363, -967)
(26, 822, -777)
(26, 507, -808)
(26, 2365, -323)
(26, 63, -26)
(26, 1299, -941)
(26, 163, -726)
(26, 1589, -677)
(26, 4172, -85)
(26, 49, 919)
(26, 525, -216)
(26, 308, -939)
(26, 2033, -184)
(26, 3076, -972)
(26, 2093, -982)
(26, 1227, -772)
(26, 410, -583)
(26, 59, -930)
(26, 1014, -127)
(26, 176, 580)
(26, 219, -885)
(26, 4012, -930)
(26, 744, -862)
(26, 298, -906)
(26, 1189, -711)
(26, 3644, -660)
(26, 1310, -645)
(26, 1716, -736)
(26, 1883, -732)
(26, 724, 732)
(26, 1399, -959)
(26, 931, -540)
(26, 4612, -641)
(26, 1201, 344)
(26, 426, -105)
(26, 1572, 235)
(26, 1415, -785)
(26, 1285, -707)
(26, 1109, -825)
(26, 2558, -930)
(26, 1948, -528)
(26, 674, -561)
(26, 1514, -718)
(26, 4658, -565)
(26, 2798, -527)
(26, 577, -543)
(26, 336, -342)
(26, 759, 44)
(26, 4400, -702)
(26, 3348, -951)
(26, 2367, 896)
(26, 3317, 86)
(26, 3914, -815)
(26, 4721, -797)
(26, 2897, -957)
(26, 2243, -917)
(26, 948, -827)
(26, 1504, -81)
(26, 998, 598)
(26, 4596, -119)
(26, 3586, -708)
(26, 960, -802)
(26, 1828, 446)
(26, 4541, -881)
(26, 2330, 376)
(26, 3165, -590)
(26, 477, -558)
(26, 734, -733)
(26, 1492, -575)
(26, 1375, -469)
(26, 1938, -516)
(26, 4311, -881)
(26, 1303, -993)
(26, 745, -855)
(26, 1346, -953)
(26, 2251, -770)
(26, 1744, -439)
(26, 1268, -756)
(26, 4417, 823)
(26, 4206, -576)
(26, 298, 158)
(26, 2835, -727)
(26, 4483, -953)
(26, 2026, -980)
(26, 3748, -894)
(26, 2122, 886)
(26, 17, -560)
(26, 289, -550)
(26, 2879, -373)
(26, 956, -477)
(26, 1953, -1007)
(26, 1051, -676)
(26, 732, -949)
(26, 4087, 802)
(26, 1472, 199)
(26, 450, 652)
(26, 2345, -520)
(27, 1705, 291)
(27, 1860, -890)
(27, 1346, 669)
(27, 1166, 563)
(27, 1867, -660)
(27, 647, -502)
(27, 2147, -732)
(27, 273, -573)
(27, 4293, -411)
(27, 2391, -546)
(27, 439, -652)
(27, 605, -806)
(27, 930, -1015)
(27, 4375, 954)
(27, 1319, -985)
(27, 4300, -376)
(27, 4170, -965)
(27, 254, 505)
(27, 554, -785)
(27, 307, -725)
(27, 1685, -607)
(27, 52, 1021)
(27, 2023, 680)
(27, 3173, -869)
(27, 1681, -19)
(27, 162, -731)
(27, 2852, 564)
(27, 1122, -686)
(27, 696, -628)
(27, 1326, -737)
(27, 532, -561)
(27, 3997, 310)
(27, 553, -819)
(27, 482, -641)
(27, 1868, -1004)
(27, 2497, -568)
(27, 4588, -1013)
(27, 1360, -1014)
(27, 633, -811)
(27, 1292, 104)
(27, 873, -996)
(27, 352, -840)
(27, 3312, -632)
(27, 1987, 504)
(27, 1927, 1004)
(27, 1926, -84)
(27, 964, -88)
(27, 3774, -875)
(27, 76, -174)
(27, 3307, 534)
(27, 554, -231)
(27, 2324, 613)
(27, 1795, -648)
(27, 1447, -945)
(27, 5, 783)
(27, 4043, 940)
(27, 707, 118)
(27, 2272, -603)
(27, 2112, 320)
(27, 4204, -985)
(27, 2209, -383)
(27, 3655, -742)
(27, 1710, -538)
(27, 909, 1005)
(27, 1116, -1007)
(27, 3939, 699)
(27, 233, 170)
(27, 3555, -880)
(27, 1474, -89)
(27, 1379, -916)
(27, 831, -602)
(27, 232, 184)
(27, 4279, 116)
(27, 4270, -1001)
(27, 1466, -809)
(27, 661, -920)
(27, 3715, -981)
(27, 1930, 880)
(27, 1954, -927)
(27, 2803, -921)
(27, 1580, -674)
(27, 1934, 170)
(27, 3609, -515)
(27, 803, -934)
(27, 1841, 150)
(27, 389, -823)
(27, 262, -581)
(27, 913, -700)
(27, 55, -869)
(27, 1814, -525)
(27, 1474, -1004)
(27, 666, -745)
(27, 4342, -679)
(27, 1654, 441)
(28, 1184, -868)
(28, 1762, -933)
(28, 3076, -865)
(28, 4340, -893)
(28, 1381, 567)
(28, 26, 60)
(28, 17, -995)
(28, 274, -869)
(28, 2038, -696)
(28, 3716, -304)
(28, 1473, -578)
(28, 1503, 591)
(28, 2508, -753)
(28, 1917, 782)
(28, 752, 394)
(28, 289, -889)
(28, 354, 611)
(28, 1077, -593)
(28, 636, -804)
(28, 489, -325)
(28, 1797, -1011)
(28, 383, -490)
(28, 182, 800)
(28, 1310, -676)
(28, 1532, -577)
(28, 4346, -545)
(28, 2892, 877)
(28, 607, -815)
(28, 4422, -826)
(28, 1154, -651)
(28, 1260, 869)
(28, 839, -923)
(28, 2657, -780)
(28, 818, -538)
(28, 4427, -653)
(28, 1751, -796)
(28, 1860, 334)
(28, 1359, 469)
(28, 918, -818)
(28, 459, -195)
(28, 2021, -539)
(28, 312, -361)
(28, 623, -570)
(28, 9, -327)
(28, 2538, -782)
(28, 609, -1012)
(28, 219, -153)
(28, 675, -749)
(28, 1177, 680)
(28, 1871, -897)
(28, 784, 281)
(28, 2108, 285)
(28, 2886, 316)
(28, 2300, -744)
(28, 1045, 495)
(28, 2180, -629)
(28, 126, 1016)
(28, 978, -212)
(28, 711, 411)
(28, 219, 490)
(28, 3427, -186)
(28, 1248, -520)
(28, 795, -725)
(28, 1427, -855)
(28, 1619, 930)
(28, 2794, -208)
(28, 1177, -316)
(29, 2017, -884)
(29, 243, -189)
(29, 452, 308)
(29, 1619, 621)
(29, 1499, -994)
(29, 1587, -430)
(29, 884, -606)
(29, 1788, 628)
(29, 697, -11)
(29, 3088, -557)
(29, 980, -860)
(29, 622, -733)
(29, 1015, -453)
(29, 2377, 36)
(29, 84, -731)
(29, 52, -900)
(29, 838, -940)
(29, 3989, -535)
(29, 1879, 239)
(29, 1552, -292)
(29, 2118, -968)
(29, 976, -229)
(29, 836, 9)
(29, 2257, -807)
(29, 1191, -1015)
(29, 327, -580)
(29, 3763, -968)
(29, 1278, -732)
(29, 261, 903)
(29, 1850, -676)
(29, 159, -910)
(29, 1122, -916)
(29, 1749, -578)
(29, 3448, 255)
(29, 1944, -792)
(29, 259, -657)
(29, 3806, -654)
(29, 970, 775)
(29, 851, 516)
(29, 1669, -481)
(29, 3207, -719)
(29, 2, -758)
(29, 462, -757)
(29, 2107, 555)
(29, 1592, -831)
(29, 3213, -706)
(29, 4386, -773)
(29, 3425, -685)
(29, 1110, -572)
(29, 2650, -905)
(29, 328, -850)
(29, 2632, 175)
(29, 2963, -589)
(29, 629, -822)
(29, 37, -350)
(29, 2639, -742)
(29, 1592, -1007)
(29, 68, 976)
(29, 1873, -685)
(29, 1594, -655)
(29, 43, -706)
(29, 905, -600)
(29, 4727, -770)
(29, 2369, -794)
(29, 382, 338)
(29, 525, 548)
(29, 1452, -770)
(29, 2291, -664)
(29, 2573, -924)
(29, 4028, -108)
(29, 3791, 697)
(29, 1929, -631)
(29, 3314, -801)
(29, 2325, -610)
(29, 1961, 790)
(29, 1654, -878)
(29, 1144, -697)
(29, 1674, -915)
(29, 1917, 264)
(29, 865, -560)
(29, 1862, 723)
(29, 525, 758)
(29, 2651, -617)
(29, 580, -729)
(29, 1870, -548)
(29, 1589, 362)
(29, 287, -1021)
(29, 1815, -993)
(29, 4190, -1013)
(29, 992, -1022)
(29, 2206, -531)
(29, 1061, -832)
(29, 3695, -778)
(29, 547, -809)
(29, 1742, -905)
(29, 1196, -691)
(29, 2028, -719)
(29, 1164, 606)
(29, 2352, -937)
(29, 875, 637)
(29, 2474, 421)
(29, 1939, -776)
(29, 816, -617)
(29, 2346, -612)
(29, 1576, -115)
(29, 3408, -817)
(29, 350, -691)
(29, 2309, -531)
(29, 4473, -795)
(29, 555, -797)
(29, 2384, 363)
(29, 4283, -1000)
(29, 1340, -777)
(29, 4090, -943)
(29, 1583, 725)
(29, 1276, -947)
(29, 1711, -830)
(29, 2118, -928)
(29, 1077, -539)
(29, 1263, 437)
(29, 978, 139)
(29, 2156, -37)
(29, 2298, -670)
(29, 1519, -669)
(29, 1948, 576)
(29, 1607, -530)
(29, 4432, -898)
(29, 1295, 587)
(30, 502, 543)
(30, 805, -1000)
(30, 2203, -886)
(30, 404, 138)
(30, 1239, 354)
(30, 4623, -544)
(30, 33, -800)
(30, 99, -562)
(30, 4335, 809)
(30, 490, 32)
(30, 397, -613)
(30, 329, -190)
(30, 796, -873)
(30, 1035, -748)
(30, 661, -946)
(30, 407, -202)
(30, 782, 454)
(30, 2818, -425)
(30, 167, 527)
(30, 262, -487)
(30, 2863, -830)
(30, 3036, -255)
(30, 40, -818)
(30, 4180, -887)
(30, 713, -653)
(30, 1403, -958)
(30, 1332, -601)
(30, 29, -648)
(30, 4204, -700)
(30, 1370, 309)
(30, 2676, -786)
(30, 945, -640)
(30, 3204, -764)
(30, 311, 705)
(30, 483, -48)
(30, 4257, -867)
(30, 977, -707)
(30, 629, 378)
(30, 1856, -666)
(30, 609, -337)
(30, 1132, 268)
(30, 200, 695)
(30, 895, -555)
(30, 2488, -512)
(30, 3333, -792)
(30, 815, 584)
(30, 2010, 985)
(30, 199, -195)
(30, 1746, -713)
(30, 3890, -527)
(30, 1692, -937)
(30, 1009, -542)
(30, 2464, -513)
(30, 1141, -881)
(30, 1350, -629)
(30, 2581, -29)
(30, 2122, -302)
(30, 2347, 955)
(30, 4483, -537)
(30, 254, 550)
(30, 2919, 944)
(30, 180, 186)
(30, 3230, -998)
(30, 1478, -747)
(30, 2923, -539)
(30, 4757, -708)
(30, 4666, -915)
(30, 812, -911)
(30, 625, -541)
(30, 578, -356)
(30, 4276, -538)
(30, 986, 609)
(30, 1939, -545)
(30, 3247, 208)
(30, 777, 270)
(30, 1779, -690)
(30, 1451, -726)
(30, 2304, 577)
(30, 1261, 403)
(30, 627, -481)
(30, 467, -648)
(30, 4022, 829)
(30, 3350, -643)
(30, 933, -713)
(30, 921, 580)
(30, 547, 693)
(30, 3118, -801)
(30, 2079, -976)
(30, 411, -814)
(30, 351, -568)
(30, 1609, -728)
(30, 4258, 178)
(30, 962, -538)
(30, 3095, -918)
(30, 2186, 662)
(30, 1799, -551)
(30, 1444, -878)
(30, 621, -1022)
(30, 1344, 877)
(30, 278, -848)
(30, 3548, 210)
(30, 1780, -589)
(30, 954, 462)
(30, 995, 966)
(30, 853, -754)
(30, 2024, 172)
(30, 990, -750)
(30, 3026, -655)
(30, 696, -1014)
(30, 763, -827)
(30, 319, -21)
(30, 516, -332)
(30, 782, -898)
(30, 1601, -577)
(30, 2944, -799)
(30, 968, -916)
(30, 1436, 811)
(30, 4725, -535)
(30, 4235, -932)
(30, 1055, -830)
(30, 540, -928)
(30, 3858, -985)
(30, 130, -106)
(30, 574, -541)
(30, 319, -800)
(30, 1524, -857)
(30, 1028, -870)
(30, 102, -433)
(30, 3623, -831)
(30, 1874, -796)
(30, 2203, -769)
(30, 1934, -984)
(30, 1974, -754)
(30, 4658, -407)
(30, 1920, 267)
(30, 1082, -599)
(30, 4218, -864)
(30, 3009, -797)
(30, 1464, -895)
(30, 1669, -750)
(30, 393, -789)
(30, 386, -19)
(30, 1081, 566)
(30, 395, -900)
(30, 190, -701)
(30, 660, -753)
(30, 2924, 26)
(30, 1180, -1022)
(30, 2891, -793)
(30, 882, 474)
(30, 2071, -605)
(30, 1467, -644)
(30, 1772, -786)
(30, 2608, -525)
(30, 1778, 840)
(30, 528, -168)
(30, 424, 312)
(30, 105, -273)
(30, 643, -956)
(30, 617, -535)
(30, 502, 40)
(30, 752, 225)
(30, 1603, -863)
(30, 2089, 823)
(30, 2338, -1021)
(31, 2731, -850)
(31, 2299, -894)
(31, 683, -666)
(31, 4049, -376)
(31, 1644, 910)
(31, 1351, -639)
(31, 2387, 88)
(31, 3553, -604)
(31, 3600, -468)
(31, 1844, -600)
(31, 681, 167)
(31, 256, -644)
(31, 1799, 525)
(31, 942, -797)
(31, 2249, -878)
(31, 4138, 780)
(31, 3513, -253)
(31, 848, 531)
(31, 3244, -525)
(31, 1178, 215)
(31, 2249, -660)
(31, 333, 438)
(31, 2685, -600)
(31, 625, -167)
(31, 3692, 87)
(31, 1892, -929)
(31, 1550, -877)
(31, 966, -564)
(31, 995, -733)
(31, 844, -1018)
(31, 1860, -621)
(31, 2231, -875)
(31, 2887, -664)
(31, 2003, -978)
(31, 655, -353)
(31, 793, -869)
(31, 1670, 64)
(31, 449, -636)
(31, 2106, -639)
(31, 2136, -804)
(31, 995, -929)
(31, 3893, -748)
(31, 2306, -905)
(31, 1930, -825)
(31, 1686, -688)
(31, 1190, -628)
(31, 2364, -638)
(32, 1743, -129)
(32, 1243, -410)
(32, 2119, 846)
(32, 1099, 704)
(32, 4385, 18)
(32, 1080, -820)
(32, 542, -651)
(32, 2114, -557)
(32, 2053, -711)
(32, 1252, -216)
(32, 3400, -857)
(32, 4788, -147)
(32, 495, -701)
(32, 736, -551)
(32, 1739, -845)
(32, 950, -552)
(32, 707, -991)
(32, 238, -900)
(32, 925, -960)
(32, 2249, -861)
(32, 1710, -867)
(32, 1272, 280)
(32, 3929, 608)
(32, 2539, 204)
(32, 1509, -514)
(32, 2108, -1007)
(32, 2411, -554)
(32, 3457, -799)
(32, 1728, 732)
(32, 2320, -762)
(32, 1236, -339)
(32, 3732, -693)
(32, 1977, -642)
(32, 3020, -560)
(32, 2993, -1008)
(32, 1950, 61)
(33, 1627, 269)
(33, 4320, 271)
(33, 3411, 1000)
(33, 533, 389)
(33, 1778, -971)
(33, 3482, -877)
(33, 3656, -229)
(33, 1989, -941)
(33, 4380, 481)
(33, 399, -466)
(33, 4522, -736)
(33, 1702, -485)
(33, 2385, -721)
(33, 1540, -140)
(33, 4366, -850)
(33, 1564, -170)
(33, 2780, 944)
(33, 1711, -583)
(33, 1456, -740)
(33, 3760, -629)
(33, 1615, -793)
(33, 131, -732)
(33, 4688, -216)
(33, 3740, 85)
(33, 2348, -599)
(33, 1188, -721)
(33, 2575, 906)
(33, 3422, -929)
(33, 1488, 744)
(33, 4433, -662)
(33, 1454, 360)
(34, 1478, -624)
(34, 364, 213)
(34, 1432, -973)
(34, 1587, -413)
(34, 2915, -951)
(34, 2333, 815)
(34, 1882, 43)
(34, 2029, -599)
(34, 569, -526)
(34, 2582, -526)
(34, 2864, -865)
(34, 1299, 526)
(34, 1619, -769)
(34, 667, -71)
(34, 870, -694)
(34, 228, 790)
(34, 794, -686)
(34, 2000, -607)
(34, 2185, -931)
(34, 501, -153)
(34, 4602, -827)
(34, 1557, -952)
(34, 4047, -616)
(34, 1013, 87)
(34, 2092, -728)
(34, 1595, 261)
(34, 1973, 365)
(34, 3056, 70)
(34, 453, 430)
(34, 510, -949)
(34, 73, -916)
(34, 1948, -314)
(34, 79, -871)
(34, 682, -878)
(34, 137, 204)
(34, 1456, 543)
(34, 3997, -256)
(34, 453, 905)
(34, 1578, 328)
(35, 2267, -638)
(35, 166, 243)
(35, 1494, -702)
(35, 1112, -863)
(35, 3597, -734)
(35, 2006, -976)
(35, 2200, -572)
(35, 4516, 995)
(35, 588, 9)
(35, 90, -1000)
(35, 4405, -686)
(35, 30, -728)
(35, 937, -517)
(35, 809, 601)
(35, 574, -228)
(35, 183, 916)
(35, 3192, -964)
(35, 1170, 625)
(35, 3231, 113)
(35, 291, 580)
(35, 1410, -707)
(35, 174, -811)
(35, 756, -473)
(35, 453, -139)
(35, 3299, 234)
(35, 1700, -849)
(35, 874, -675)
(35, 1457, -744)
(35, 2279, 263)
(35, 8, -567)
(35, 3779, -639)
(35, 1783, -533)
(35, 2218, -897)
(35, 521, 404)
(35, 620, -751)
(35, 37, -793)
(35, 1988, -550)
(35, 2256, -879)
(35, 1308, 228)
(35, 1091, 845)
(35, 95, 620)
(35, 413, 648)
(35, 348, 167)
(35, 1607, -712)
(35, 1851, -631)
(35, 644, 57)
(35, 4664, -824)
(35, 181, -942)
(35, 4698, -728)
(35, 1535, -143)
(35, 2864, -925)
(35, 2718, 910)
(35, 1084, -973)
(35, 4719, -519)
(35, 3481, -789)
(35, 3253, 518)
(35, 205, 575)
(35, 324, 315)
(36, 1764, -840)
(36, 1812, -531)
(36, 1077, 304)
(36, 1461, -892)
(36, 1047, -752)
(36, 1224, 927)
(36, 1254, -67)
(36, 852, -164)
(36, 2070, -809)
(36, 1892, -329)
(36, 4196, -338)
(36, 1904, -998)
(36, 3258, -515)
(36, 1557, -998)
(36, 748, -524)
(36, 937, -307)
(36, 433, -911)
(36, 1490, -346)
(36, 3030, -523)
(37, 2724, 808)
(37, 1401, -770)
(37, 3855, -462)
(37, 3451, 330)
(37, 425, -1018)
(37, 806, -739)
(37, 799, -526)
(37, 1940, -573)
(37, 241, -741)
(37, 2318, -9)
(37, 611, 129)
(37, 109, -538)
(37, 520, -776)
(37, 198, -657)
(37, 647, -805)
(37, 621, -525)
(37, 3789, -90)
(37, 1652, -762)
(37, 1061, 417)
(37, 746, -545)
(37, 1878, -812)
(37, 1216, 187)
(37, 1266, 363)
(37, 805, -344)
(37, 3560, -927)
(37, 609, -802)
(37, 219, -810)
(37, 658, -919)
(37, 2494, -618)
(37, 1096, -366)
(37, 2030, 414)
(37, 1168, -941)
(37, 1030, 1000)
(37, 4191, 557)
(37, 2845, -135)
(37, 1300, -143)
(37, 506, -894)
(37, 988, 111)
(37, 2032, 219)
(37, 578, 819)
(37, 1812, -670)
(37, 2300, -815)
(37, 1914, -254)
(37, 1412, -782)
(37, 1202, -637)
(37, 933, -801)
(37, 4459, -731)
(37, 2485, -745)
(37, 1525, -646)
(37, 1085, -989)
(37, 2573, 862)
(37, 494, -936)
(37, 260, 385)
(38, 3885, -663)
(38, 240, 485)
(38, 621, -877)
(38, 331, -837)
(38, 128, -693)
(38, 846, -581)
(38, 465, -911)
(38, 3379, 443)
(38, 948, -546)
(38, 1145, 386)
(38, 2869, 447)
(38, 2021, -678)
(38, 1505, -950)
(38, 1530, -938)
(38, 1412, 469)
(38, 995, -120)
(38, 2166, -760)
(38, 2458, 962)
(38, 1723, -609)
(38, 3185, -643)
(38, 297, -780)
(39, 469, -1009)
(39, 1538, 639)
(39, 1409, -865)
(39, 3709, -948)
(39, 2496, -809)
(39, 171, 244)
(39, 1158, 501)
(39, 352, -864)
(39, 878, -577)
(39, 3357, -632)
(39, 1473, -33)
(39, 1581, -847)
(39, 906, -774)
(39, 1232, -705)
(39, 996, 513)
(39, 735, -903)
(39, 3102, -811)
(39, 1289, -520)
(39, 507, -130)
(39, 1803, -652)
(39, 2154, -1001)
(39, 911, -824)
(39, 4403, -81)
(39, 4641, -876)
(39, 849, 226)
(39, 2028, -832)
(39, 2246, 612)
(39, 3545, -601)
(39, 2318, -601)
(39, 686, -999)
(39, 1885, -820)
(39, 2365, -943)
(40, 420, -347)
(40, 2213, -198)
(40, 731, -758)
(40, 1247, -551)
(40, 415, 9)
(40, 2396, -597)
(40, 3043, -940)
(40, 1530, -224)
(40, 2622, -572)
(40, 4480, -966)
(40, 868, -614)
(41, 1927, -577)
(41, 1225, 1017)
(41, 94, -689)
(41, 1731, -598)
(41, 884, -711)
(41, 1692, 678)
(41, 2044, -107)
(41, 3673, -666)
(41, 3287, 460)
(41, 4284, 616)
(41, 4629, -853)
(41, 498, 533)
(41, 1215, -798)
(41, 1128, -790)
(41, 4426, -645)
(41, 92, -1006)
(41, 1726, 976)
(41, 2020, -548)
(41, 612, 135)
(41, 1518, -760)
(41, 1272, -588)
(41, 3042, -850)
(41, 2765, 161)
(41, 2663, -572)
(41, 3193, -544)
(41, 393, -777)
(41, 430, -446)
(41, 860, -180)
(41, 692, 375)
(41, 1473, -15)
(41, 2332, -410)
(41, 2331, -851)
(41, 53, -522)
(41, 1600, -860)
(41, 2561, -654)
(41, 127, 105)
(41, 1683, 609)
(41, 2678, -575)
(41, 1866, 781)
(41, 1596, 663)
(41, 1458, 998)
(41, 1972, 747)
(41, 2210, -924)
(41, 324, 837)
(41, 3012, -904)
(42, 1288, -801)
(42, 3143, -960)
(42, 814, -754)
(42, 1075, 338)
(42, 1396, -639)
(42, 3969, -916)
(42, 946, -780)
(42, 660, 54)
(42, 1307, -17)
(42, 4044, -696)
(42, 1906, 517)
(42, 1418, -647)
(42, 1595, -676)
(42, 1503, -118)
(42, 306, 917)
(42, 2924, -694)
(42, 1051, 137)
(42, 2409, -546)
(42, 3468, -473)
(42, 3382, -244)
(42, 1619, -934)
(42, 677, -938)
(42, 369, -5)
(42, 1729, -553)
(42, 86, -964)
(42, 2615, 291)
(42, 491, -810)
(42, 1747, -620)
(42, 1893, 937)
(42, 1492, -444)
(42, 1211, -900)
(43, 3191, -762)
(43, 4633, -633)
(43, 952, -921)
(43, 979, 395)
(43, 2224, 549)
(43, 4022, -818)
(43, 1607, -197)
(43, 1054, 945)
(43, 1148, 394)
(43, 483, 524)
(43, 703, -583)
(43, 1731, -993)
(43, 670, -961)
(43, 583, -847)
(43, 591, -902)
(43, 1536, -801)
(43, 3981, -856)
(43, 950, -562)
(43, 1228, -811)
(43, 3333, -734)
(43, 338, -919)
(43, 1776, 835)
(43, 910, -821)
(43, 1974, -549)
(43, 1711, -998)
(43, 1329, -891)
(43, 146, 2)
(43, 2227, -735)
(43, 2792, -692)
(43, 163, 481)
(43, 2763, -903)
(43, 17, -711)
(43, 245, -537)
(43, 4090, -854)
(43, 818, -666)
(43, 947, -798)
(43, 2208, -968)
(43, 1544, -696)
(43, 2117, -606)
(43, 2929, -185)
(43, 2091, -774)
(43, 136, -975)
(43, 2208, -816)
(43, 4166, -981)
(43, 1458, 675)
(43, 896, -945)
(43, 1206, -704)
(43, 4209, -896)
(43, 4028, -587)
(43, 2671, -573)
(43, 1448, -864)
(43, 1327, -768)
(43, 506, -988)
(43, 662, -512)
(43, 2258, -980)
(43, 1357, -926)
(43, 4371, 828)
(43, 1212, -860)
(43, 1671, -586)
(43, 1162, -664)
(43, 1195, -581)
(43, 1335, -610)
(43, 1794, 1016)
(43, 2313, 680)
(43, 285, 50)
(43, 1642, 1012)
(43, 1758, -803)
(44, 300, 789)
(44, 1123, 615)
(44, 3319, -550)
(44, 713, -768)
(44, 734, -924)
(44, 1298, 99)
(44, 3104, -986)
(44, 1521, -862)
(44, 4582, -566)
(44, 684, -907)
(44, 3353, -782)
(44, 1569, -965)
(44, 2591, 713)
(44, 88, 443)
(44, 577, -840)
(44, 769, -161)
(44, 2166, -650)
(44, 517, -952)
(44, 4528, -825)
(44, 4155, 198)
(44, 1890, -137)
(44, 1283, -314)
(44, 1908, -745)
(44, 473, -320)
(44, 455, -139)
(44, 994, -672)
(44, 942, -729)
(44, 1312, -836)
(44, 1826, -700)
(44, 2183, -281)
(44, 1211, -869)
(44, 3942, -783)
(44, 1175, -990)
(44, 2590, 783)
(44, 4575, -703)
(44, 600, 959)
(44, 2340, -568)
(44, 623, -726)
(44, 2106, 485)
(44, 4057, -713)
(44, 65, -658)
(44, 2046, -679)
(44, 939, -720)
(44, 3712, 631)
(44, 3147, -993)
(44, 4585, -452)
(44, 514, -606)
(44, 2247, -555)
(44, 2351, -707)
(44, 856, -772)
(44, 1608, -995)
(44, 1184, -644)
(44, 989, 437)
(44, 2304, -543)
(44, 3997, 347)
(44, 4246, -671)
(44, 2181, -682)
(44, 944, -956)
(44, 1182, -381)
(44, 4656, 116)
(44, 47, 999)
(44, 1923, 1019)
(44, 3868, -798)
(44, 4681, -306)
(44, 1696, -655)
(44, 2537, -889)
(44, 226, -812)
(44, 252, 690)
(44, 415, -798)
(44, 1408, 910)
(44, 2165, 78)
(44, 1937, -336)
(44, 1325, 331)
(44, 2898, -834)
(44, 1538, -471)
(44, 962, 73)
(44, 4071, -741)
(44, 4017, -754)
(44, 2722, -969)
(44, 280, -622)
(44, 2389, -674)
(44, 4118, -100)
(45, 1807, -353)
(45, 2504, 311)
(45, 2080, 796)
(45, 3424, -665)
(45, 2165, -359)
(45, 1925, 818)
(45, 3604, -648)
(45, 1930, -234)
(45, 2404, -431)
(45, 2708, -854)
(45, 1684, -549)
(45, 1870, -726)
(45, 426, 867)
(45, 4440, -883)
(45, 315, -845)
(45, 1611, -780)
(45, 2825, -913)
(45, 3051, 13)
(45, 1155, 376)
(45, 1532, 47)
(45, 52, -774)
(45, 599, -541)
(45, 2468, -836)
(45, 558, -429)
(45, 326, -74)
(45, 1947, 463)
(45, 163, -880)
(45, 1315, -523)
(45, 3213, -694)
(45, 3783, -922)
(45, 265, -555)
(45, 675, -823)
(45, 2724, -533)
(45, 1304, -836)
(45, 132, -559)
(45, 66, 416)
(45, 692, 497)
(46, 3222, -1014)
(46, 1333, -930)
(47, 740, -357)
(47, 1836, 576)
(47, 1139, -403)
(47, 3698, 909)
(47, 4205, -366)
(47, 1449, 283)
(47, 3130, -661)
(47, 233, -556)
(47, 645, -772)
(47, 3223, 450)
(47, 1205, -760)
(47, 695, -931)
(47, 3830, 790)
(47, 718, -543)
(47, 4310, -821)
(47, 1883, -829)
(47, 1624, -1023)
(47, 849, -1010)
(47, 1385, -25)
(47, 614, -826)
(47, 1169, -947)
(47, 3702, -803)
(47, 1353, 407)
(47, 4115, -1008)
(47, 2049, 163)
(47, 4144, -743)
(47, 457, -99)
(47, 1213, -719)
(47, 506, -672)
(47, 2324, -890)
(47, 735, 996)
(47, 65, -950)
(47, 3659, -932)
(47, 602, -792)
(47, 1819, 832)
(47, 4249, -909)
(47, 3298, -754)
(47, 1788, -726)
(47, 278, 203)
(47, 2119, -954)
(47, 2484, 319)
(47, 1471, -740)
(47, 1498, -568)
(47, 94, 822)
(47, 3857, -723)
(47, 637, -519)
(47, 1090, -589)
(47, 471, -734)
(47, 828, -936)
(47, 27, -332)
(47, 757, -881)
(47, 453, -931)
(47, 1345, -1009)
(47, 2354, -350)
(47, 1009, -580)
(47, 3892, -899)
(47, 3857, -281)
(47, 689, -780)
(48, 2228, -956)
(48, 958, 1007)
(48, 900, -819)
(48, 2314, -773)
(48, 1723, -561)
(48, 1622, -885)
(48, 849, -906)
(48, 87, -840)
(48, 4466, -754)
(48, 420, 964)
(48, 1390, 740)
(48, 1412, -520)
(48, 3600, 213)
(48, 1558, -977)
(48, 1226, 120)
(48, 4372, -889)
(48, 735, -275)
(48, 885, 858)
(48, 336, -805)
(48, 166, -191)
(48, 4600, -830)
(48, 26, -658)
(48, 2288, -746)
(49, 490, -1018)
(49, 4753, -658)
(49, 2216, -419)
(49, 2873, -981)
(49, 1405, -897)
(49, 168, -582)
(49, 200, 520)
(49, 740, 398)
(49, 966, -865)
(49, 551, -853)
(49, 630, -773)
(49, 1294, -639)
(49, 1612, -1023)
(49, 1151, -1003)
(49, 774, -614)
(49, 4247, 782)
(49, 27, 966)
(49, 785, 914)
(49, 2107, -564)
(49, 1003, -848)
(49, 3325, -826)
(49, 1592, -443)
(49, 2985, -856)
(49, 180, -779)
(49, 1313, -1009)
(49, 587, -585)
(49, 761, -561)
(49, 1350, -550)
(49, 4638, 295)
(49, 3027, -20)
(49, 2763, 207)
(49, 879, -1019)
(49, 827, -650)
(49, 741, -575)
(49, 2082, -910)
(49, 784, -992)
(49, 3910, -823)
(49, 1309, -823)
(49, 2123, -621)
(49, 3655, -545)
(49, 1934, -784)
(49, 142, -562)
(49, 196, 306)
(49, 1366, -765)
(49, 441, -939)
(49, 2118, -811)
(49, 1537, 309)
(49, 230, -933)
(49, 4511, 629)
(49, 1929, -806)
(49, 2077, -5)
(49, 1145, -663)
(49, 2176, 341)
(49, 225, -612)
(49, 3886, -925)
(49, 1932, 202)
(49, 1817, -978)
(49, 740, -968)
(49, 1832, -787)
(49, 1678, -645)
(49, 3189, 982)
(49, 4377, -831)
(49, 1362, -698)
(49, 2326, -621)
(49, 4683, -986)
(49, 561, 659)
(49, 1057, -938)
(49, 777, -712)
(49, 3511, -1004)
(49, 3898, -897)
(49, 492, -718)
(49, 2127, -396)
(49, 397, -541)
(49, 781, -822)
(49, 837, -84)
(49, 254, 118)
(49, 3900, -778)
(49, 492, 184)
(49, 4684, -876)
(49, 1106, 388)
(49, 1224, -562)
(49, 2938, 220)
(49, 334, -823)
(49, 1601, -1014)
(49, 2568, -978)
(49, 381, -551)
(49, 4361, 656)
(49, 2962, -234)
(49, 1813, -884)
(49, 4125, 669)
(49, 1122, -519)
(49, 527, -746)
(49, 4300, 482)
(49, 4025, -22)
(49, 1008, -608)
(49, 4410, -671)
(49, 1727, -593)
(49, 1482, 716)
(49, 1134, -327)
(49, 373, -975)
(49, 1974, 273)
(49, 690, 322)
(49, 2980, 951)
(49, 4579, -807)
(49, 1220, -529)
(49, 2263, -599)
(49, 1278, -700)
(49, 1903, -877)
(49, 4285, -797)
(49, 980, 348)
(49, 2537, -973)
(49, 762, 88)
(49, 543, -702)
(49, 589, -225)
(49, 2309, 643)
(49, 3721, -974)
(49, 4267, -798)
(49, 817, -520)
(49, 2575, -584)
(49, 2385, -637)
(49, 153, 494)
(49, 2667, -731)
(49, 3033, -606)
(49, 237, -274)
(49, 4571, -890)
(49, 1836, -744)
(49, 195, 87)
(49, 1260, -722)
(49, 2294, 21)
(49, 2375, -834)
(49, 1514, -688)
(49, 1878, -560)
(49, 681, 816)
(49, 2143, -382)
(49, 413, -751)
(49, 2808, -775)
(49, 1384, 583)
(49, 484, -1017)
(49, 1903, -831)
(49, 572, -931)
(49, 1171, -755)
(49, 2439, -665)
(49, 980, 499)
(49, 702, -783)
(49, 910, 500)
(49, 2365, -968)
(50, 1041, -153)
(50, 1718, -323)
(50, 58, -909)
(50, 2377, -696)
(50, 1250, -649)
(50, 2437, -1011)
(50, 2195, 848)
(50, 2137, -830)
(50, 3018, -793)
(50, 3190, -972)
(50, 869, 727)
(50, 621, 836)
(50, 1748, -894)
(50, 2341, -688)
(50, 2083, -238)
(50, 4786, 768)
(50, 906, 945)
(50, 651, -558)
(50, 38, -806)
(50, 839, -270)
(50, 1537, -735)
(50, 790, -635)
(50, 1338, -840)
(50, 2212, -808)
(50, 1400, -483)
(50, 241, -706)
(50, 3985, -626)
(50, 1169, -726)
(50, 697, 556)
(50, 1650, 543)
(50, 324, -986)
(50, 2573, 274)
(50, 360, -260)
(50, 1866, -652)
(50, 2457, -854)
(50, 3926, -945)
(51, 1314, 674)
(51, 2498, 76)
(51, 2356, -527)
(51, 582, 982)
(51, 136, -614)
(51, 496, -858)
(51, 872, 798)
(51, 580, -586)
(51, 732, -667)
(51, 1682, -993)
(51, 2120, 243)
(51, 1722, -932)
(51, 2359, 884)
(51, 51, 423)
(51, 325, -598)
(51, 618, -821)
(51, 1022, 224)
(51, 115, -722)
(51, 2327, 354)
(52, 1788, -777)
(52, 2104, -850)
(52, 1025, -737)
(52, 2282, 731)
(52, 3315, -627)
(52, 2070, -893)
(52, 2601, -80)
(52, 561, 899)
(52, 1478, 769)
(52, 158, -724)
(52, 3980, -565)
(52, 377, -821)
(52, 2052, 536)
(52, 1639, 630)
(52, 488, 39)
(52, 1400, 888)
(52, 832, -824)
(52, 2366, -687)
(52, 989, -999)
(52, 2916, -561)
(52, 1918, -749)
(52, 3113, -991)
(52, 3002, -853)
(52, 719, -735)
(52, 1847, -1004)
(52, 106, -684)
(52, 1940, -733)
(52, 801, -493)
(52, 866, -729)
(52, 1465, 370)
(52, 3953, -987)
(52, 606, 253)
(52, 188, -654)
(52, 1821, -607)
(52, 1480, -855)
(52, 752, -759)
(52, 158, -834)
(52, 1798, -858)
(52, 2000, -942)
(52, 2212, -1003)
(52, 1151, -569)
(52, 1276, -947)
(52, 328, 19)
(52, 253, -698)
(52, 1568, -521)
(52, 1179, 663)
(52, 2281, 475)
(52, 984, 258)
(52, 3359, -601)
(52, 262, 81)
(52, 1843, -841)
(52, 2808, -561)
(52, 663, -611)
(52, 1198, -132)
(52, 2681, -658)
(52, 4511, -40)
(52, 1029, -675)
(52, 36, -966)
(52, 190, -1009)
(52, 1257, -840)
(52, 858, -563)
(52, 4151, -1005)
(52, 386, 805)
(52, 3243, -946)
(52, 3047, 1023)
(52, 2008, -130)
(52, 1565, -707)
(52, 52, -505)
(52, 88, -928)
(53, 1569, -655)
(53, 345, -1006)
(54, 906, 931)
(54, 222, -834)
(54, 170, -973)
(54, 692, 342)
(54, 1165, -826)
(54, 2063, -696)
(54, 1051, 995)
(54, 2122, -956)
(54, 567, 782)
(54, 824, 945)
(54, 311, -425)
(54, 1499, -77)
(54, 3095, -979)
(54, 1850, 1008)
(54, 1340, -727)
(54, 904, -537)
(54, 1756, -775)
(54, 1523, -832)
(54, 1458, -881)
(54, 3857, -50)
(54, 2171, -541)
(54, 1409, -740)
(54, 1176, -769)
(54, 270, -589)
(54, 1953, -946)
(54, 1761, -202)
(54, 121, 11)
(54, 4222, -618)
(54, 1632, -749)
(54, 1381, -33)
(54, 1002, -911)
(54, 193, -617)
(54, 133, -554)
(54, 2949, -1003)
(54, 791, -1023)
(54, 1323, 981)
(54, 2305, -715)
(54, 666, -108)
(54, 2086, -373)
(54, 97, -991)
(54, 1349, -653)
(54, 996, -590)
(54, 840, -523)
(54, 1807, -722)
(55, 1960, -992)
(55, 393, -525)
(55, 1003, -652)
(55, 1792, -287)
(55, 4761, -889)
(55, 3068, -33)
(55, 1883, -766)
(55, 1914, -540)
(55, 1365, -97)
(55, 1367, 872)
(55, 2073, 607)
(55, 1708, -688)
(55, 744, -927)
(55, 349, -31)
(55, 1867, -871)
(55, 409, -686)
(55, 843, -326)
(55, 2111, -900)
(55, 1510, 932)
(55, 2357, -1022)
(55, 1620, -880)
(55, 793, -84)
(55, 453, -630)
(55, 693, -464)
(55, 1197, 971)
(55, 1079, -856)
(55, 1164, -953)
(55, 3270, -629)
(55, 2311, -799)
(55, 230, 43)
(55, 3783, -620)
(55, 3051, -464)
(55, 1766, -460)
(55, 946, -669)
(55, 2458, 43)
(55, 3425, -890)
(55, 355, 466)
(55, 1040, -995)
(55, 1454, -989)
(55, 121, 646)
(55, 1403, -721)
(55, 1439, -872)
(55, 1130, -830)
(55, 1062, -778)
(55, 2176, 66)
(55, 1985, -918)
(55, 254, 1019)
(55, 2557, -985)
(55, 4662, -547)
(55, 2946, 121)
(55, 4305, -822)
(55, 4557, -717)
(55, 2159, -714)
(55, 1268, 31)
(55, 88, -1011)
(55, 2066, 989)
(55, 1859, -160)
(55, 82, -512)
(55, 1248, 99)
(55, 1349, -586)
(55, 497, -677)
(55, 1014, -887)
(55, 3415, 127)
(55, 156, -719)
(55, 5, -862)
(55, 2264, -894)
(55, 2739, -640)
(55, 2769, -153)
(55, 1546, -684)
(55, 436, -940)
(55, 263, -699)
(55, 2022, 150)
(55, 1657, 952)
(55, 495, -706)
(55, 3848, -607)
(55, 1984, 775)
(55, 3391, -428)
(55, 359, -582)
(55, 3452, -711)
(55, 1231, 23)
(55, 2002, -531)
(55, 2192, -774)
(55, 2170, -870)
(55, 2477, -798)
(55, 4115, 757)
(55, 281, 986)
(55, 352, -755)
(55, 752, -162)
(55, 1650, -534)
(55, 1751, 714)
(55, 3051, 138)
(55, 1711, -633)
(55, 2287, -717)
(55, 3314, -1004)
(55, 748, 347)
(55, 793, 71)
(55, 4449, -946)
(55, 84, 207)
(55, 2205, 420)
(55, 1982, -382)
(55, 413, -887)
(55, 976, -533)
(55, 3428, -128)
(55, 1712, -739)
(55, 819, -781)
(55, 2226, -549)
(55, 4332, 750)
(55, 1202, 240)
(55, 4787, -988)
(55, 2360, 698)
(55, 1305, -530)
(55, 1722, -683)
(55, 1448, -631)
(55, 1024, -942)
(55, 1, -761)
(55, 4543, -366)
(55, 4243, -906)
(55, 609, -678)
(55, 806, -586)
(55, 2677, -636)
(55, 157, -85)
(55, 1752, -829)
(55, 1283, -281)
(55, 2942, -664)
(55, 3813, -1014)
(55, 250, 663)
(55, 2661, 183)
(55, 1706, 91)
(55, 202, -705)
(55, 1462, 487)
(55, 975, -1000)
(55, 136, -680)
(55, 324, 786)
(55, 2702, -683)
(55, 164, -570)
(55, 1530, -673)
(55, 1667, -809)
(55, 2226, 50)
(55, 1484, -912)
(55, 737, -728)
(55, 2407, 146)
(55, 2331, -528)
(55, 2164, -803)
(55, 1941, -735)
(55, 810, -988)
(55, 3415, -961)
(55, 779, -83)
(55, 4612, -628)
(55, 2170, -761)
(55, 1639, -722)
(55, 844, 144)
(55, 3799, -130)
(55, 85, 676)
(55, 2061, -266)
(55, 4365, -791)
(55, 124, -557)
(55, 3672, -950)
(55, 3843, 132)
(55, 1056, 983)
(55, 1816, -163)
(55, 984, -446)
(55, 3830, -824)
(56, 4252, -604)
(56, 489, -837)
(56, 1928, 425)
(56, 1894, 985)
(56, 992, -743)
(56, 4360, 561)
(56, 1033, 972)
(56, 1662, -427)
(56, 1311, -324)
(56, 2283, -621)
(56, 4212, -821)
(56, 2959, -677)
(56, 2248, -83)
(56, 1297, -932)
(56, 465, -581)
(56, 1469, 118)
(56, 934, 807)
(56, 412, -238)
(56, 3789, -912)
(56, 1646, -1000)
(56, 919, 69)
(56, 1088, -1015)
(56, 900, -867)
(57, 3345, -845)
(57, 67, 83)
(57, 685, -631)
(57, 439, -690)
(57, 4596, -559)
(57, 614, -865)
(57, 453, 911)
(57, 1954, -690)
(57, 184, -1015)
(57, 574, -617)
(57, 4192, -301)
(57, 202, -388)
(57, 684, -792)
(57, 3239, -564)
(57, 2627, -870)
(57, 1674, -708)
(57, 1040, -818)
(57, 1995, -304)
(57, 293, -741)
(57, 2358, -342)
(57, 1731, -570)
(57, 1148, -781)
(57, 797, -911)
(57, 1652, -517)
(57, 2157, -948)
(57, 1527, -524)
(57, 1944, -633)
(57, 1583, 947)
(57, 2109, -884)
(57, 2043, 42)
(57, 4135, -684)
(57, 1815, -939)
(57, 1901, -515)
(57, 3758, -525)
(57, 744, -691)
(57, 1901, 7)
(57, 4673, 145)
(57, 2250, -565)
(57, 1141, -657)
(57, 2222, -265)
(57, 1278, -635)
(57, 3979, -806)
(57, 1644, 889)
(57, 867, -776)
(57, 3265, -877)
(57, 70, -891)
(57, 420, -155)
(57, 1414, 56)
(57, 24, -838)
(57, 1484, -879)
(57, 782, -632)
(57, 1222, -708)
(57, 1280, 537)
(57, 488, 172)
(57, 2175, -867)
(57, 3300, -394)
(57, 115, -762)
(57, 1591, -750)
(57, 2082, -826)
(57, 925, -827)
(57, 1774, 115)
(57, 2180, 859)
(57, 1011, 681)
(57, 1079, -981)
(57, 3248, -933)
(57, 4772, 852)
(57, 369, -660)
(57, 285, 995)
(58, 149, -605)
(58, 2696, -938)
(58, 576, -666)
(58, 1822, -565)
(58, 4115, -676)
(58, 13, -290)
(58, 1328, -405)
(58, 1503, -786)
(58, 1014, -867)
(58, 1550, 507)
(58, 3729, -453)
(59, 1421, -1000)
(59, 1593, 490)
(59, 571, -161)
(59, 4629, -319)
(59, 1904, 0)
(59, 1199, -961)
(59, 3635, -35)
(59, 302, -533)
(59, 82, 188)
(59, 2105, -37)
(59, 3460, -476)
(59, 3528, -820)
(59, 4065, -857)
(59, 2881, -809)
(59, 972, 395)
(59, 840, -652)
(59, 2919, 917)
(59, 1992, 612)
(59, 1389, -821)
(59, 4410, -997)
(59, 10, -786)
(59, 863, 1005)
(59, 3177, -679)
(59, 1301, -682)
(59, 278, -735)
(59, 2262, -633)
(59, 941, -662)
(59, 464, -780)
(59, 3183, 5)
(59, 1157, 24)
(59, 1371, -957)
(59, 2177, 498)
(59, 4423, 658)
(59, 2039, -805)
(59, 116, -741)
(59, 997, -556)
(59, 2321, -522)
(59, 1637, -616)
(59, 4313, -304)
(59, 2389, -879)
(59, 4612, -747)
(59, 1472, 330)
(59, 962, 806)
(59, 3847, 1007)
(59, 1495, -206)
(59, 2038, -848)
(59, 2386, -1012)
(59, 2613, -665)
(59, 845, 143)
(59, 731, -582)
(59, 2390, -746)
(59, 1444, -982)
(59, 727, 985)
(59, 4552, -665)
(59, 655, -709)
(59, 45, -833)
(59, 1613, -267)
(59, 2983, -134)
(59, 489, 75)
(59, 136, -240)
(59, 978, -543)
(59, 158, 94)
(59, 1826, 304)
(59, 4359, -878)
(59, 2104, -539)
(59, 1980, 348)
(59, 336, -944)
(59, 2300, -525)
(59, 947, -232)
(59, 2343, -990)
(59, 2509, -999)
(59, 2122, -663)
(59, 568, -31)
(59, 1966, -587)
(59, 2281, 900)
(59, 4365, 436)
(59, 2170, -659)
(60, 445, 913)
(60, 1531, -548)
(60, 2633, -652)
(60, 1370, 568)
(60, 3880, 63)
(60, 3140, -632)
(60, 812, -1010)
(60, 905, -548)
(60, 3355, -670)
(60, 2067, 340)
(60, 2101, -686)
(60, 1797, -767)
(60, 4559, -831)
(60, 2465, -77)
(60, 405, -776)
(60, 2034, -999)
(60, 2235, -683)
(60, 168, -751)
(60, 1377, 875)
(60, 1406, 626)
(60, 1088, -501)
(60, 1375, -835)
(60, 676, -965)
(61, 1217, 231)
(61, 4543, 64)
(61, 829, -527)
(61, 1568, -904)
(61, 1192, -742)
(61, 3899, 979)
(61, 741, -644)
(61, 2130, 944)
(61, 1230, 88)
(61, 1322, 164)
(61, 1935, -730)
(61, 991, -614)
(61, 620, 102)
(61, 998, -835)
(61, 420, -791)
(61, 567, 889)
(61, 4026, -684)
(61, 1178, -556)
(61, 3040, -742)
(61, 4118, -815)
(61, 2271, -909)
(61, 1165, 841)
(61, 285, 419)
(61, 2002, -680)
(61, 915, 94)
(61, 447, -129)
(61, 3088, 870)
(61, 3186, -948)
(61, 1391, -864)
(61, 898, -225)
(61, 1520, -562)
(61, 840, 928)
(61, 163, -478)
(61, 488, -918)
(61, 2204, 255)
(61, 208, -880)
(61, 865, -655)
(61, 2170, -560)
(61, 2507, -966)
(61, 1555, -945)
(61, 816, -911)
(61, 1118, -520)
(61, 1910, -658)
(61, 3644, -747)
(61, 246, -561)
(61, 1463, -374)
(61, 2423, -856)
(61, 828, -895)
(61, 4350, -823)
(61, 760, 727)
(61, 281, -861)
(61, 637, -781)
(61, 2164, 582)
(61, 1272, 457)
(61, 462, 497)
(61, 211, -636)
(61, 633, -1023)
(61, 2857, 43)
(61, 737, -515)
(61, 2768, -556)
(61, 1655, -912)
(61, 836, -996)
(61, 4297, -580)
(61, 1766, -829)
(61, 1340, 670)
(61, 2345, 248)
(61, 99, 732)
(61, 4055, -709)
(61, 963, 354)
(61, 2218, -800)
(61, 3628, -585)
(61, 2070, -121)
(61, 3894, -529)
(61, 3462, -872)
(61, 85, 651)
(61, 911, -570)
(61, 2220, 971)
(61, 1014, -956)
(61, 1050, -542)
(61, 941, 748)
(61, 1252, -647)
(61, 2621, -923)
(61, 2500, -952)
(61, 4427, -810)
(61, 1307, -888)
(61, 1271, -926)
(61, 156, -841)
(61, 709, -667)
(61, 1816, -476)
(61, 1290, -931)
(61, 3897, -678)
(61, 78, -622)
(61, 2314, -873)
(61, 2311, -971)
(61, 889, -665)
(61, 554, -583)
(61, 47, -640)
(62, 189, -616)
(62, 660, -767)
(62, 1616, -915)
(62, 1058, 785)
(62, 1154, -880)
(62, 2952, 794)
(62, 1718, -804)
(62, 1733, -543)
(62, 305, -639)
(62, 4395, -1007)
(62, 3079, 320)
(62, 2178, -671)
(62, 2387, -691)
(62, 917, 1021)
(62, 2049, -785)
(62, 2012, 214)
(62, 2223, -143)
(62, 709, -833)
(62, 3539, -668)
(62, 4355, -902)
(62, 3157, -577)
(62, 1734, 263)
(62, 2362, -222)
(62, 2184, -571)
(63, 1587, -793)
(63, 1619, 804)
(63, 1672, -918)
(63, 361, -853)
(63, 4006, -786)
(63, 2864, -633)
(63, 2748, -211)
(63, 2169, -312)
(63, 2018, -208)
(63, 4040, -904)
(63, 3698, -543)
(63, 1734, 365)
(63, 2828, 0)
(63, 4509, -187)
(63, 2247, -688)
(63, 2190, -605)
(63, 1649, -614)
(63, 1104, -931)
(63, 2023, -198)
(63, 927, -84)
(63, 3724, -747)
(63, 685, -539)
(63, 2182, -652)
(63, 4639, 20)
(63, 796, -988)
(63, 2386, -806)
(63, 477, -757)
(63, 339, 1010)
(63, 1628, -703)
(63, 1538, -182)
(63, 691, -901)
(63, 4478, -734)
(63, 2790, -948)
(63, 1316, -749)
(63, 3657, 891)
(63, 3898, 511)
(63, 1713, -989)
(63, 1809, -698)
(63, 4133, -836)
(63, 491, -970)
(63, 2022, -459)
(63, 2318, 947)
(63, 3629, -977)
(63, 2223, -545)
(63, 1593, -693)
(63, 1748, -608)
(63, 1094, -928)
(63, 1718, -602)
(63, 2727, -237)
(63, 1378, 438)
(63, 986, -587)
(63, 1214, -968)
(63, 579, -223)
(63, 735, -762)
(63, 3842, 342)
(63, 1903, -598)
(63, 975, 210)
(63, 1138, 88)
(63, 2848, -589)
(63, 425, -911)
(63, 1017, 885)
(63, 139, -900)
(63, 1426, -653)
(63, 3176, -1001)
(63, 4465, -881)
(64, 1649, -650)
(64, 1271, -1018)
(64, 1193, -886)
(64, 706, -1009)
(64, 209, 499)
(64, 1, -693)
(64, 1098, 406)
(64, 2588, -545)
(64, 4743, 190)
(64, 129, -628)
(64, 3079, -893)
(64, 2246, -959)
(64, 2371, 235)
(64, 987, -797)
(64, 961, -772)
(64, 4369, -552)
(64, 4679, 774)
(64, 1031, -674)
(64, 1396, -901)
(64, 1553, -727)
(64, 3761, -884)
(64, 7, -583)
(64, 2372, -547)
(64, 1025, -598)
(64, 356, -993)
(64, 1373, 498)
(64, 2899, -1019)
(64, 2270, -618)
(64, 2139, 962)
(64, 1362, -514)
(64, 3795, -890)
(64, 1381, -827)
(64, 1058, -780)
(64, 1853, 165)
(64, 2317, -519)
(64, 1076, 198)
(64, 2242, -112)
(64, 1277, -861)
(64, 2246, -980)
(64, 4202, -779)
(64, 1876, -589)
(64, 404, 233)
(64, 1449, -868)
(64, 2545, -627)
(64, 2336, -1023)
(64, 952, -1007)
(64, 3883, -662)
(64, 1562, -755)
(64, 2252, -722)
(64, 3999, -930)
(64, 2176, -870)
(64, 802, 720)
(64, 605, -104)
(64, 925, 46)
(64, 395, -874)
(64, 866, -66)
(64, 1967, 367)
(64, 672, 397)
(64, 2543, -797)
(64, 2698, -631)
(64, 2233, 781)
(64, 327, 367)
(64, 1501, -952)
(64, 1186, -820)
(64, 534, -644)
(64, 116, -173)
(64, 4736, -800)
(64, 2159, 170)
(64, 2880, -132)
(64, 3551, 555)
(64, 1033, -866)
(64, 1678, -729)
(64, 1727, -780)
(64, 3174, -586)
(64, 4583, -956)
(64, 3205, -864)
(64, 105, -10)
(64, 943, 761)
(64, 3059, -779)
(64, 2249, -651)
(64, 1987, -430)
(64, 852, -703)
(64, 1872, -868)
(64, 728, -701)
(64, 2045, -585)
(64, 4753, 721)
(64, 486, 863)
(64, 79, -702)
(64, 4341, -450)
(64, 405, -762)
(64, 954, -873)
(64, 3803, -614)
(64, 3252, -68)
(64, 2059, -272)
(64, 807, -704)
(64, 3216, 185)
(64, 28, 407)
(64, 175, -664)
(64, 1255, 23)
(65, 694, -667)
(65, 3790, 748)
(65, 882, -610)
(65, 2757, 975)
(65, 4576, -1020)
(65, 1803, -161)
(65, 4048, -929)
(65, 1854, -854)
(65, 4702, -926)
(65, 2476, 703)
(65, 449, -749)
(65, 602, -718)
(65, 775, -614)
(65, 517, -600)
(65, 1911, -938)
(65, 1638, -583)
(65, 1375, -5)
(65, 1587, 716)
(65, 1649, -704)
(65, 1541, 907)
(65, 2201, -799)
(65, 817, 1009)
(65, 1625, -555)
(65, 1457, -645)
(65, 1797, -597)
(65, 1108, -587)
(65, 2311, -28)
(65, 1232, -674)
(65, 424, -293)
(65, 2280, -417)
(65, 2192, -894)
(65, 562, -927)
(65, 1020, 147)
(65, 1779, 721)
(65, 4137, -692)
(65, 1139, -788)
(65, 2944, -986)
(65, 587, -580)
(65, 137, -143)
(65, 1132, 996)
(65, 219, -849)
(65, 744, -532)
(65, 27, -362)
(65, 1578, -618)
(65, 2322, -705)
(65, 1512, -138)
(65, 3507, -673)
(65, 430, 733)
(65, 404, -786)
(65, 1191, -648)
(65, 2006, -766)
(65, 3154, -720)
(65, 545, -53)
(65, 2897, 328)
(65, 4324, 826)
(65, 1496, -611)
(65, 2534, -105)
(65, 1062, 385)
(65, 905, -713)
(65, 436, 970)
(65, 1399, -731)
(65, 424, -64)
(65, 374, -14)
(65, 755, -698)
(65, 3274, -752)
(65, 4317, -924)
(65, 4249, -835)
(65, 2358, 955)
(65, 1309, -913)
(65, 606, -1017)
(65, 197, 137)
(65, 1414, -637)
(65, 695, 631)
(65, 1618, 730)
(65, 897, -728)
(65, 814, -973)
(65, 59, 808)
(65, 1568, -716)
(65, 3859, 818)
(65, 1248, -572)
(65, 2105, -980)
(65, 310, -625)
(65, 1262, -597)
(65, 1190, 26)
(65, 2055, -756)
(65, 1556, -704)
(65, 744, 897)
(65, 1325, 784)
(65, 1856, -668)
(65, 862, -257)
(65, 1893, -972)
(65, 1184, -55)
(65, 142, -840)
(65, 2296, -223)
(65, 60, -850)
(65, 237, -476)
(65, 2398, -581)
(65, 3722, 412)
(65, 1439, 690)
(66, 1379, -517)
(66, 3606, -747)
(66, 209, 338)
(66, 1310, -591)
(66, 4256, -572)
(66, 1596, 637)
(66, 1663, -584)
(66, 3538, -617)
(66, 1000, 46)
(66, 1990, -714)
(66, 3705, -624)
(66, 4213, 148)
(66, 929, -359)
(66, 757, -824)
(66, 3110, -682)
(66, 1617, 727)
(66, 905, 675)
(67, 2140, -441)
(67, 4456, -532)
(67, 2193, -641)
(67, 3008, 771)
(67, 1076, -912)
(67, 2930, -1002)
(67, 823, 273)
(67, 288, -775)
(67, 1548, 782)
(67, 3538, -583)
(67, 566, -563)
(67, 245, -931)
(67, 58, -395)
(67, 2248, 530)
(67, 3662, -775)
(67, 1474, -778)
(67, 4274, -408)
(67, 903, -759)
(67, 14, -580)
(67, 1463, 520)
(67, 1144, -927)
(67, 1162, -639)
(67, 4440, -761)
(67, 2717, -675)
(67, 262, 292)
(67, 2034, 113)
(67, 2949, -904)
(67, 4087, 546)
(67, 2413, -724)
(67, 2069, -996)
(67, 707, -745)
(67, 449, -679)
(67, 1122, -429)
(67, 615, -817)
(67, 2250, 923)
(67, 1576, 50)
(67, 1036, -702)
(67, 863, 111)
(67, 2661, -732)
(67, 3312, -665)
(67, 1615, 784)
(67, 4289, -588)
(67, 2038, -573)
(67, 4517, 901)
(67, 2305, -957)
(67, 1593, -694)
(67, 4246, -864)
(67, 105, 308)
(67, 111, -1020)
(67, 2026, -262)
(67, 839, -858)
(67, 2252, -148)
(67, 178, -808)
(67, 288, 706)
(67, 1384, 779)
(67, 4596, 84)
(67, 1543, 348)
(67, 1879, -860)
(67, 573, -952)
(67, 441, -956)
(67, 1238, -353)
(67, 520, -751)
(67, 3783, -260)
(67, 1878, -183)
(67, 1248, -905)
(67, 385, -792)
(67, 1901, -933)
(67, 600, -952)
(67, 2313, -835)
(67, 3283, -704)
(67, 4615, -689)
(67, 873, -548)
(67, 1724, -665)
(67, 4308, -954)
(67, 3352, -181)
(67, 237, -1016)
(67, 937, 77)
(67, 1423, -907)
(67, 1831, -812)
(67, 1114, -992)
(67, 1294, 358)
(67, 4047, 900)
(67, 2276, 607)
(67, 1689, -573)
(67, 1241, -845)
(67, 547, 605)
(67, 454, -926)
(67, 730, -837)
(67, 1322, -918)
(67, 1855, -173)
(67, 3106, -150)
(67, 753, -787)
(67, 576, -947)
(67, 2173, 526)
(67, 2255, 155)
(67, 2644, 509)
(67, 446, 766)
(67, 2309, -738)
(67, 1467, -885)
(67, 4711, 712)
(67, 3672, -225)
(67, 1062, -928)
(68, 3640, -690)
(68, 698, -967)
(68, 301, 498)
(68, 2534, 99)
(68, 55, -612)
(68, 2952, -658)
(68, 124, -274)
(68, 1614, -566)
(68, 3241, -613)
(68, 2480, -584)
(68, 1405, -635)
(68, 1544, -962)
(68, 2307, 419)
(68, 314, -916)
(68, 4275, 922)
(68, 1469, -564)
(68, 2710, -789)
(68, 1452, -843)
(68, 3305, -926)
(68, 1180, 644)
(68, 1777, 547)
(68, 1903, -849)
(68, 1128, 3)
(68, 2202, -557)
(68, 1682, 899)
(68, 1535, -865)
(68, 2090, -350)
(68, 2530, -687)
(68, 4107, -675)
(68, 905, -408)
(68, 501, 309)
(68, 445, -964)
(68, 11, -943)
(68, 1239, 649)
(68, 1500, -415)
(68, 98, -996)
(68, 1198, -830)
(68, 2807, -561)
(68, 1438, -967)
(68, 2160, 880)
(68, 1708, -938)
(68, 3634, -585)
(68, 122, -366)
(68, 4083, -893)
(68, 428, -773)
(68, 2524, -799)
(68, 2193, -905)
(68, 889, -868)
(68, 1757, -348)
(68, 1882, -574)
(68, 957, -841)
(68, 4202, -679)
(68, 1159, 913)
(68, 653, 646)
(68, 1203, -228)
(68, 3750, -487)
(68, 1311, 73)
(68, 2029, -521)
(68, 12, -883)
(68, 1332, -922)
(68, 2370, -565)
(68, 2231, -966)
(68, 1693, 317)
(68, 4261, -420)
(68, 3100, -819)
(69, 4671, -453)
(69, 3587, -811)
(69, 527, -866)
(69, 1417, -720)
(69, 601, -630)
(69, 187, 482)
(69, 1699, -549)
(69, 372, -635)
(69, 297, 822)
(69, 3628, -888)
(69, 2654, -751)
(69, 2420, -26)
(69, 1539, 734)
(69, 2348, -629)
(69, 1436, -874)
(69, 2100, 563)
(69, 1660, -665)
(69, 2165, -420)
(69, 2357, -186)
(69, 3436, -758)
(69, 1219, -186)
(69, 664, 530)
(69, 1004, -363)
(69, 728, -376)
(69, 2062, -611)
(69, 1590, 128)
(69, 1868, -746)
(69, 1579, 645)
(69, 4688, -704)
(69, 4722, 664)
(69, 3202, -952)
(69, 1289, -857)
(69, 360, -999)
(69, 3863, -381)
(69, 822, -770)
(69, 1419, -337)
(69, 2508, -331)
(69, 1745, 432)
(69, 1723, 166)
(69, 125, -547)
(69, 3392, 994)
(69, 1092, 724)
(69, 2096, -704)
(69, 1163, -824)
(69, 1612, -578)
(69, 1958, -727)
(69, 743, -753)
(69, 4126, -617)
(69, 1030, -947)
(69, 2411, -702)
(69, 1897, 985)
(69, 744, 950)
(69, 2397, 44)
(69, 459, -548)
(69, 3434, -898)
(69, 4695, -1016)
(69, 785, -894)
(69, 343, -665)
(69, 4644, 189)
(69, 1534, -891)
(69, 2018, 900)
(69, 3869, -733)
(69, 783, -868)
(69, 634, -658)
(69, 3088, -846)
(69, 2106, 840)
(69, 4515, -820)
(70, 79, -801)
(70, 1193, -624)
(70, 1385, -724)
(70, 2011, 1006)
(70, 1145, -35)
(70, 1265, 149)
(70, 3483, -1014)
(70, 717, 218)
(70, 1148, -904)
(70, 4284, -906)
(70, 2238, -983)
(70, 3643, -958)
(70, 2363, 165)
(70, 666, -753)
(70, 231, -723)
(70, 57, 115)
(70, 51, -952)
(70, 549, -819)
(70, 1005, -12)
(70, 412, -805)
(70, 867, -301)
(70, 3565, -793)
(70, 1370, 540)
(70, 1177, -1003)
(70, 620, -648)
(70, 3750, -463)
(70, 1343, -808)
(70, 2363, 385)
(70, 846, -801)
(70, 316, 264)
(70, 1353, -593)
(70, 602, -781)
(70, 3172, 630)
(70, 642, -720)
(70, 702, -833)
(70, 2481, -939)
(70, 4708, -542)
(70, 4507, -825)
(70, 1002, -963)
(70, 2207, -715)
(70, 3743, -62)
(70, 2242, -925)
(70, 255, -783)
(70, 3879, -869)
(70, 1287, -854)
(70, 846, 949)
(70, 2073, -877)
(70, 915, -896)
(70, 172, -707)
(70, 4621, -829)
(70, 2692, 563)
(70, 1983, -519)
(70, 1818, -742)
(70, 645, -875)
(70, 2259, -172)
(70, 392, -817)
(70, 1258, 785)
(70, 659, -737)
(70, 374, -651)
(70, 1988, -769)
(70, 4693, 723)
(70, 453, -735)
(70, 1016, -690)
(70, 3087, 34)
(70, 984, -516)
(70, 944, -661)
(70, 1434, -666)
(70, 2550, -781)
(70, 678, -980)
(70, 1345, -500)
(70, 837, 262)
(70, 1491, -960)
(70, 899, -733)
(70, 790, -1019)
(70, 3805, -298)
(70, 1226, -249)
(70, 1715, -613)
(70, 3247, -540)
(70, 1909, -838)
(70, 2137, -775)
(70, 4, -627)
(70, 4456, -632)
(70, 4726, 425)
(70, 2158, -646)
(70, 1357, 883)
(70, 1472, -833)
(70, 3282, -1014)
(70, 4346, 702)
(70, 2557, 336)
(70, 1803, -972)
(70, 1204, -520)
(70, 1633, -993)
(70, 3278, -626)
(71, 653, -571)
(71, 4310, 390)
(71, 1266, -522)
(71, 1525, -709)
(71, 1771, -556)
(71, 2313, -627)
(71, 526, 303)
(71, 3241, -859)
(71, 1379, -802)
(71, 1121, -546)
(71, 3916, -2)
(71, 431, -927)
(71, 3768, -571)
(71, 4770, -959)
(71, 1276, -759)
(71, 1545, -528)
(71, 1701, -346)
(71, 4071, -181)
(71, 2773, -115)
(71, 1841, -643)
(71, 1645, 829)
(71, 1474, -798)
(71, 2492, -918)
(71, 378, 974)
(71, 1354, -278)
(71, 4264, -905)
(71, 1962, -679)
(71, 3791, -787)
(71, 3527, -549)
(71, 4041, -974)
(71, 1582, -438)
(71, 1917, -1022)
(71, 3937, -47)
(71, 3901, 953)
(71, 4048, -796)
(71, 2048, -661)
(71, 2124, 966)
(71, 71, -659)
(71, 696, 729)
(71, 1039, 80)
(71, 2102, -152)
(71, 2109, 363)
(71, 801, -584)
(71, 1117, -714)
(71, 415, -578)
(71, 4081, -725)
(71, 2593, 323)
(71, 15, 472)
(71, 1585, 913)
(71, 2273, 902)
(71, 1895, 598)
(71, 221, -922)
(71, 4423, -706)
(71, 3841, 227)
(71, 1760, -675)
(71, 1320, -890)
(71, 1459, 307)
(71, 1091, -683)
(71, 2229, -667)
(71, 188, -7)
(71, 4642, 850)
(71, 1733, -947)
(71, 3385, -661)
(71, 1327, -991)
(71, 4019, -554)
(71, 1198, 1006)
(71, 530, -913)
(71, 107, 464)
(71, 447, 632)
(72, 1354, -861)
(72, 546, -255)
(72, 3772, -1020)
(72, 1452, 173)
(72, 380, 309)
(72, 901, -554)
(72, 233, -298)
(72, 104, -671)
(72, 793, 850)
(72, 1752, -281)
(72, 1643, -946)
(72, 4723, -902)
(72, 644, 712)
(72, 2492, -644)
(72, 1479, 405)
(72, 3195, -647)
(72, 3793, 151)
(72, 1932, -783)
(72, 1810, -447)
(72, 1039, 233)
(72, 4351, -681)
(72, 1068, 943)
(72, 293, 422)
(72, 2400, -936)
(72, 1726, -904)
(72, 2347, 770)
(72, 4310, -723)
(72, 2133, -950)
(72, 2603, -876)
(72, 1094, -879)
(72, 1935, -979)
(72, 749, -652)
(72, 4248, -853)
(72, 947, -576)
(72, 3637, -1023)
(72, 2498, -927)
(73, 251, -852)
(73, 1427, 345)
(73, 123, -862)
(73, 97, -655)
(73, 1236, -880)
(73, 760, -885)
(73, 844, -1017)
(73, 2099, -827)
(73, 4191, -542)
(73, 352, -764)
(73, 487, -686)
(73, 2216, -601)
(73, 3023, -851)
(73, 1507, -497)
(73, 1447, -728)
(73, 1467, -837)
(73, 4350, -805)
(73, 3552, -898)
(73, 674, -800)
(73, 3404, -894)
(73, 220, -709)
(73, 1834, 476)
(73, 150, -594)
(73, 1790, 126)
(73, 243, -50)
(73, 1344, 764)
(73, 3310, -244)
(73, 3149, 457)
(73, 4387, -684)
(73, 375, 893)
(73, 4769, -841)
(73, 2170, -734)
(73, 2695, -922)
(73, 4202, -763)
(73, 1711, -688)
(73, 1261, -877)
(73, 4372, 276)
(73, 669, -362)
(73, 2649, -775)
(73, 3352, -999)
(73, 66, -667)
(73, 3937, -117)
(73, 1270, -638)
(73, 2088, 420)
(73, 1782, -878)
(73, 2191, -43)
(73, 1305, 806)
(73, 1096, -634)
(73, 1150, 229)
(73, 1124, -823)
(73, 4233, -958)
(73, 1993, -542)
(73, 1765, -742)
(73, 1023, -705)
(73, 1575, -984)
(73, 4223, -727)
(73, 387, -517)
(73, 62, 724)
(73, 89, 780)
(73, 3722, 672)
(73, 910, -662)
(73, 2089, -667)
(73, 3442, 508)
(73, 704, -965)
(73, 522, -944)
(73, 691, 454)
(73, 2876, 963)
(73, 1014, -995)
(73, 1761, -831)
(73, 4133, -724)
(73, 1084, -682)
(73, 1880, 330)
(73, 4667, -353)
(73, 304, -859)
(73, 402, -300)
(73, 427, -847)
(73, 1476, -592)
(73, 1143, -172)
(74, 1930, -623)
(74, 2302, -844)
(74, 2606, -531)
(74, 2331, 687)
(74, 1787, -753)
(74, 4457, -582)
(74, 465, 916)
(74, 1306, -927)
(74, 462, 26)
(74, 2038, -902)
(74, 1614, -692)
(74, 3282, -810)
(74, 1286, 543)
(74, 3736, -403)
(74, 2380, -942)
(74, 2388, -688)
(74, 704, -762)
(74, 2235, 745)
(74, 2055, 588)
(74, 617, -887)
(74, 1255, -1001)
(74, 2044, -511)
(74, 956, -537)
(74, 4692, -719)
(74, 789, -752)
(74, 1260, -799)
(74, 614, -922)
(74, 1512, -888)
(74, 1258, 52)
(74, 2706, -847)
(74, 449, -730)
(74, 2100, -530)
(74, 1474, -904)
(74, 1963, -183)
(74, 3587, -818)
(74, 2272, 494)
(75, 1823, -936)
(75, 2015, -988)
(75, 2737, -906)
(75, 271, -896)
(75, 4224, -1000)
(75, 136, -922)
(75, 774, -1010)
(75, 4112, 355)
(75, 1449, 14)
(75, 2001, -839)
(75, 103, -615)
(75, 621, -924)
(75, 1666, -547)
(75, 274, -948)
(75, 62, -797)
(75, 214, 266)
(75, 3124, 560)
(75, 1809, -649)
(75, 1045, 798)
(75, 1855, -821)
(75, 1868, 226)
(75, 1928, -763)
(75, 4198, -626)
(75, 841, 1005)
(75, 1492, 528)
(75, 796, -242)
(75, 802, -961)
(75, 4488, -707)
(75, 956, -637)
(75, 2032, -985)
(75, 1238, 336)
(75, 56, -693)
(75, 3863, -838)
(75, 417, -691)
(75, 465, -268)
(75, 259, -874)
(75, 1917, 672)
(75, 1217, -627)
(75, 3691, 1012)
(75, 2022, 284)
(75, 1953, 56)
(75, 1355, -888)
(75, 3623, 685)
(75, 2807, -867)
(75, 1568, -664)
(75, 2821, -745)
(75, 4300, -359)
(75, 860, -426)
(75, 1624, -950)
(75, 1251, -272)
(75, 819, -766)
(75, 257, -843)
(75, 930, -727)
(75, 3589, -942)
(75, 651, 814)
(75, 2272, -964)
(75, 3318, -817)
(75, 3405, -517)
(75, 472, -362)
(75, 1860, -972)
(75, 346, 331)
(75, 1482, -967)
(75, 2523, -973)
(75, 2604, -599)
(75, 3886, 391)
(75, 2319, -578)
(75, 623, -816)
(75, 357, -940)
(75, 1147, 395)
(75, 1535, -916)
(75, 42, -593)
(75, 3154, -938)
(75, 3904, -804)
(75, 2353, 257)
(75, 4094, -304)
(75, 2245, 925)
(75, 4058, 606)
(75, 1235, 316)
(75, 559, -624)
(75, 4113, -771)
(75, 437, -787)
(75, 3114, -555)
(75, 3059, 310)
(75, 102, 786)
(75, 417, -998)
(75, 614, -361)
(76, 1223, -663)
(76, 1992, -980)
(76, 2237, -842)
(76, 1308, 800)
(76, 713, -901)
(76, 4747, -996)
(76, 1862, -962)
(76, 4252, 256)
(76, 960, -948)
(76, 837, -889)
(76, 2304, -943)
(76, 913, -919)
(76, 1749, -585)
(76, 402, 715)
(76, 1325, 624)
(76, 642, -822)
(76, 735, -639)
(76, 1828, -642)
(76, 285, -297)
(76, 1375, -587)
(76, 1241, -205)
(76, 1714, -573)
(76, 1879, -1018)
(76, 2333, 856)
(76, 765, -548)
(76, 1914, 102)
(76, 1338, -654)
(76, 2214, -807)
(76, 1364, -889)
(76, 915, -911)
(76, 966, -617)
(76, 582, -814)
(76, 700, -746)
(76, 2279, -449)
(76, 2593, -977)
(76, 312, -912)
(76, 417, -928)
(76, 1723, -217)
(76, 3731, 101)
(76, 3227, -709)
(76, 629, -659)
(76, 368, -98)
(76, 1761, -757)
(77, 1565, -529)
(77, 202, -137)
(77, 2862, -1022)
(77, 1645, -519)
(77, 2166, -625)
(77, 2303, -321)
(77, 3826, -150)
(77, 1418, -807)
(77, 3681, -766)
(77, 2901, 498)
